)O+_06 Small-body initial data  (WARNING: Do not delete this line!!)
) Lines beginning with `)\` are ignored.
)---------------------------------------------------------------------
 style (Cartesian, Asteroidal, Cometary) = Asteroidal
)--------------------------------------------d or D is not matter--0d0 is possible too--
clo150  ep = 2459000.500000
 0.10012479568124E+01   0.10330140961514E+00   0.77853313259287E+01   0.30618787315335E+03   0.66155673589053E+02   0.23629310870725E+03  0.d0 0.d0 0.d0
clo151  ep = 2459000.500000
 0.10012479521386E+01   0.10330130761268E+00   0.77853209382187E+01   0.30618787889481E+03   0.66155695984089E+02   0.23629308151105E+03  0.d0 0.d0 0.d0
clo152  ep = 2459000.500000
 0.10012479536917E+01   0.10330125717655E+00   0.77853215808859E+01   0.30618788160729E+03   0.66155686801978E+02   0.23629308559094E+03  0.d0 0.d0 0.d0
clo153  ep = 2459000.500000
 0.10012479553229E+01   0.10330127701592E+00   0.77853206043438E+01   0.30618787206537E+03   0.66155692078509E+02   0.23629308726463E+03  0.d0 0.d0 0.d0
clo154  ep = 2459000.500000
 0.10012479568858E+01   0.10330142234851E+00   0.77853309746784E+01   0.30618786610733E+03   0.66155673187871E+02   0.23629311632639E+03  0.d0 0.d0 0.d0
clo155  ep = 2459000.500000
 0.10012479570433E+01   0.10330136325213E+00   0.77853262386437E+01   0.30618783896567E+03   0.66155680415595E+02   0.23629314079460E+03  0.d0 0.d0 0.d0
clo156  ep = 2459000.500000
 0.10012479523127E+01   0.10330132771482E+00   0.77853230268403E+01   0.30618785407370E+03   0.66155698514950E+02   0.23629310840108E+03  0.d0 0.d0 0.d0
clo157  ep = 2459000.500000
 0.10012479567300E+01   0.10330166820661E+00   0.77853491558699E+01   0.30618787792015E+03   0.66155659294542E+02   0.23629312097109E+03  0.d0 0.d0 0.d0
clo158  ep = 2459000.500000
 0.10012479547014E+01   0.10330132587820E+00   0.77853230320852E+01   0.30618784755690E+03   0.66155695473317E+02   0.23629311585002E+03  0.d0 0.d0 0.d0
clo159  ep = 2459000.500000
 0.10012479563684E+01   0.10330143566254E+00   0.77853335072479E+01   0.30618786977196E+03   0.66155677042935E+02   0.23629310757458E+03  0.d0 0.d0 0.d0
clo160  ep = 2459000.500000
 0.10012479572374E+01   0.10330147698021E+00   0.77853336730498E+01   0.30618786555388E+03   0.66155677992977E+02   0.23629311027978E+03  0.d0 0.d0 0.d0
clo161  ep = 2459000.500000
 0.10012479575995E+01   0.10330158935184E+00   0.77853427046877E+01   0.30618784289827E+03   0.66155675966659E+02   0.23629314274320E+03  0.d0 0.d0 0.d0
clo162  ep = 2459000.500000
 0.10012479569298E+01   0.10330150769282E+00   0.77853368986739E+01   0.30618784436873E+03   0.66155676979610E+02   0.23629313906291E+03  0.d0 0.d0 0.d0
clo163  ep = 2459000.500000
 0.10012479562943E+01   0.10330124463792E+00   0.77853206714262E+01   0.30618787267329E+03   0.66155677130131E+02   0.23629310277620E+03  0.d0 0.d0 0.d0
clo164  ep = 2459000.500000
 0.10012479579543E+01   0.10330138557593E+00   0.77853252908961E+01   0.30618782302004E+03   0.66155689388935E+02   0.23629314895952E+03  0.d0 0.d0 0.d0
clo165  ep = 2459000.500000
 0.10012479563933E+01   0.10330117981669E+00   0.77853128370839E+01   0.30618782352476E+03   0.66155700530372E+02   0.23629313600834E+03  0.d0 0.d0 0.d0
clo166  ep = 2459000.500000
 0.10012479557873E+01   0.10330135056163E+00   0.77853267053464E+01   0.30618785013314E+03   0.66155677919544E+02   0.23629313476164E+03  0.d0 0.d0 0.d0
clo167  ep = 2459000.500000
 0.10012479584272E+01   0.10330161730917E+00   0.77853419940915E+01   0.30618782841866E+03   0.66155686041638E+02   0.23629314644883E+03  0.d0 0.d0 0.d0
clo168  ep = 2459000.500000
 0.10012479549331E+01   0.10330141332347E+00   0.77853301401214E+01   0.30618786857754E+03   0.66155681229859E+02   0.23629310815039E+03  0.d0 0.d0 0.d0
clo169  ep = 2459000.500000
 0.10012479533865E+01   0.10330113916977E+00   0.77853095778421E+01   0.30618784299314E+03   0.66155707800478E+02   0.23629310799504E+03  0.d0 0.d0 0.d0
clo170  ep = 2459000.500000
 0.10012479554004E+01   0.10330133315918E+00   0.77853251929266E+01   0.30618784235565E+03   0.66155682202836E+02   0.23629313743037E+03  0.d0 0.d0 0.d0
clo171  ep = 2459000.500000
 0.10012479541507E+01   0.10330145452704E+00   0.77853342916938E+01   0.30618789147989E+03   0.66155668138860E+02   0.23629309663576E+03  0.d0 0.d0 0.d0
clo172  ep = 2459000.500000
 0.10012479575245E+01   0.10330141482618E+00   0.77853322364945E+01   0.30618785389369E+03   0.66155668626813E+02   0.23629313586322E+03  0.d0 0.d0 0.d0
clo173  ep = 2459000.500000
 0.10012479559750E+01   0.10330167336609E+00   0.77853496126079E+01   0.30618786429689E+03   0.66155663293040E+02   0.23629313487883E+03  0.d0 0.d0 0.d0
clo174  ep = 2459000.500000
 0.10012479552928E+01   0.10330125603712E+00   0.77853222905784E+01   0.30618784985003E+03   0.66155678695563E+02   0.23629313228564E+03  0.d0 0.d0 0.d0
clo175  ep = 2459000.500000
 0.10012479569668E+01   0.10330138557160E+00   0.77853278041306E+01   0.30618783331422E+03   0.66155682113317E+02   0.23629314638045E+03  0.d0 0.d0 0.d0
clo176  ep = 2459000.500000
 0.10012479541587E+01   0.10330131366350E+00   0.77853230843436E+01   0.30618787420759E+03   0.66155689830804E+02   0.23629309045874E+03  0.d0 0.d0 0.d0
clo177  ep = 2459000.500000
 0.10012479572838E+01   0.10330133308042E+00   0.77853266911190E+01   0.30618785472284E+03   0.66155674918212E+02   0.23629312761085E+03  0.d0 0.d0 0.d0
clo178  ep = 2459000.500000
 0.10012479566345E+01   0.10330146592221E+00   0.77853331252549E+01   0.30618784350988E+03   0.66155683691054E+02   0.23629313379449E+03  0.d0 0.d0 0.d0
clo179  ep = 2459000.500000
 0.10012479571215E+01   0.10330150638106E+00   0.77853389029697E+01   0.30618787064115E+03   0.66155673115745E+02   0.23629311088644E+03  0.d0 0.d0 0.d0
clo180  ep = 2459000.500000
 0.10012479532616E+01   0.10330141100551E+00   0.77853318095790E+01   0.30618789909740E+03   0.66155664306195E+02   0.23629309395367E+03  0.d0 0.d0 0.d0
clo181  ep = 2459000.500000
 0.10012479582056E+01   0.10330142792201E+00   0.77853327955113E+01   0.30618784062677E+03   0.66155676189833E+02   0.23629314347111E+03  0.d0 0.d0 0.d0
clo182  ep = 2459000.500000
 0.10012479557373E+01   0.10330145022380E+00   0.77853320375008E+01   0.30618787046275E+03   0.66155681323962E+02   0.23629310313280E+03  0.d0 0.d0 0.d0
clo183  ep = 2459000.500000
 0.10012479562403E+01   0.10330153579249E+00   0.77853406236850E+01   0.30618788349672E+03   0.66155662986252E+02   0.23629310983333E+03  0.d0 0.d0 0.d0
clo184  ep = 2459000.500000
 0.10012479565345E+01   0.10330157595339E+00   0.77853427041893E+01   0.30618786574726E+03   0.66155671461496E+02   0.23629312136376E+03  0.d0 0.d0 0.d0
clo185  ep = 2459000.500000
 0.10012479533319E+01   0.10330120048180E+00   0.77853154476760E+01   0.30618787402389E+03   0.66155690744404E+02   0.23629309085852E+03  0.d0 0.d0 0.d0
clo186  ep = 2459000.500000
 0.10012479570907E+01   0.10330150230537E+00   0.77853389366083E+01   0.30618786419691E+03   0.66155667236076E+02   0.23629312619155E+03  0.d0 0.d0 0.d0
clo187  ep = 2459000.500000
 0.10012479569000E+01   0.10330135352818E+00   0.77853263400631E+01   0.30618786599755E+03   0.66155685083704E+02   0.23629310064417E+03  0.d0 0.d0 0.d0
clo188  ep = 2459000.500000
 0.10012479549034E+01   0.10330134839792E+00   0.77853275890222E+01   0.30618787815878E+03   0.66155680653300E+02   0.23629309555163E+03  0.d0 0.d0 0.d0
clo189  ep = 2459000.500000
 0.10012479538807E+01   0.10330118612170E+00   0.77853125207884E+01   0.30618787044609E+03   0.66155711276559E+02   0.23629306680561E+03  0.d0 0.d0 0.d0
clo190  ep = 2459000.500000
 0.10012479564497E+01   0.10330162427485E+00   0.77853440561420E+01   0.30618784468939E+03   0.66155671597696E+02   0.23629314781535E+03  0.d0 0.d0 0.d0
clo191  ep = 2459000.500000
 0.10012479539590E+01   0.10330118744301E+00   0.77853149453808E+01   0.30618788068496E+03   0.66155692933019E+02   0.23629307724341E+03  0.d0 0.d0 0.d0
clo192  ep = 2459000.500000
 0.10012479571520E+01   0.10330128609141E+00   0.77853229917120E+01   0.30618785040774E+03   0.66155675860145E+02   0.23629313328049E+03  0.d0 0.d0 0.d0
clo193  ep = 2459000.500000
 0.10012479555689E+01   0.10330128822307E+00   0.77853233068178E+01   0.30618788323318E+03   0.66155681700485E+02   0.23629308643864E+03  0.d0 0.d0 0.d0
clo194  ep = 2459000.500000
 0.10012479579643E+01   0.10330149197002E+00   0.77853371761658E+01   0.30618786819752E+03   0.66155664578430E+02   0.23629312325605E+03  0.d0 0.d0 0.d0
clo195  ep = 2459000.500000
 0.10012479575316E+01   0.10330147883905E+00   0.77853380260065E+01   0.30618788169958E+03   0.66155659026951E+02   0.23629311476320E+03  0.d0 0.d0 0.d0
clo196  ep = 2459000.500000
 0.10012479593692E+01   0.10330142651607E+00   0.77853309928772E+01   0.30618783132760E+03   0.66155667015251E+02   0.23629316448226E+03  0.d0 0.d0 0.d0
clo197  ep = 2459000.500000
 0.10012479566675E+01   0.10330134857277E+00   0.77853260803107E+01   0.30618785888022E+03   0.66155684695288E+02   0.23629310997325E+03  0.d0 0.d0 0.d0
clo198  ep = 2459000.500000
 0.10012479548728E+01   0.10330137917619E+00   0.77853279500373E+01   0.30618785659353E+03   0.66155680126151E+02   0.23629312333732E+03  0.d0 0.d0 0.d0
clo199  ep = 2459000.500000
 0.10012479568742E+01   0.10330143597245E+00   0.77853308114526E+01   0.30618786550047E+03   0.66155684786111E+02   0.23629310337658E+03  0.d0 0.d0 0.d0
