)O+_06 Small-body initial data  (WARNING: Do not delete this line!!)
) Lines beginning with `)\` are ignored.
)---------------------------------------------------------------------
 style (Cartesian, Asteroidal, Cometary) = Asteroidal
)--------------------------------------------d or D is not matter--0d0 is possible too--
clo200  ep = 2459000.500000
 0.10012479558007E+01   0.10330128384202E+00   0.77853224585493E+01   0.30618786190762E+03   0.66155688454956E+02   0.23629310251547E+03  0.d0 0.d0 0.d0
clo201  ep = 2459000.500000
 0.10012479539047E+01   0.10330141736448E+00   0.77853323460345E+01   0.30618789105108E+03   0.66155672793076E+02   0.23629309078589E+03  0.d0 0.d0 0.d0
clo202  ep = 2459000.500000
 0.10012479539488E+01   0.10330149156165E+00   0.77853376394265E+01   0.30618789734330E+03   0.66155671597778E+02   0.23629308549053E+03  0.d0 0.d0 0.d0
clo203  ep = 2459000.500000
 0.10012479560911E+01   0.10330139174745E+00   0.77853303196656E+01   0.30618787209389E+03   0.66155678334690E+02   0.23629310488804E+03  0.d0 0.d0 0.d0
clo204  ep = 2459000.500000
 0.10012479588648E+01   0.10330153007293E+00   0.77853377545478E+01   0.30618781528416E+03   0.66155668024154E+02   0.23629318546616E+03  0.d0 0.d0 0.d0
clo205  ep = 2459000.500000
 0.10012479566575E+01   0.10330133658889E+00   0.77853260024756E+01   0.30618785580522E+03   0.66155678706146E+02   0.23629312297255E+03  0.d0 0.d0 0.d0
clo206  ep = 2459000.500000
 0.10012479569187E+01   0.10330150254770E+00   0.77853389243833E+01   0.30618784163346E+03   0.66155666830317E+02   0.23629315692966E+03  0.d0 0.d0 0.d0
clo207  ep = 2459000.500000
 0.10012479563020E+01   0.10330132586273E+00   0.77853263956202E+01   0.30618787876928E+03   0.66155662102768E+02   0.23629311607099E+03  0.d0 0.d0 0.d0
clo208  ep = 2459000.500000
 0.10012479569246E+01   0.10330140462402E+00   0.77853293042171E+01   0.30618783390559E+03   0.66155679375576E+02   0.23629315012531E+03  0.d0 0.d0 0.d0
clo209  ep = 2459000.500000
 0.10012479583894E+01   0.10330153295018E+00   0.77853386818986E+01   0.30618782517280E+03   0.66155670889732E+02   0.23629316894117E+03  0.d0 0.d0 0.d0
clo210  ep = 2459000.500000
 0.10012479542441E+01   0.10330124073812E+00   0.77853191758537E+01   0.30618787161920E+03   0.66155689534383E+02   0.23629309364772E+03  0.d0 0.d0 0.d0
clo211  ep = 2459000.500000
 0.10012479563158E+01   0.10330130479465E+00   0.77853232783321E+01   0.30618786661718E+03   0.66155678656226E+02   0.23629310991427E+03  0.d0 0.d0 0.d0
clo212  ep = 2459000.500000
 0.10012479539725E+01   0.10330107487070E+00   0.77853066708952E+01   0.30618785023008E+03   0.66155698901900E+02   0.23629310863087E+03  0.d0 0.d0 0.d0
clo213  ep = 2459000.500000
 0.10012479559828E+01   0.10330129938847E+00   0.77853231750416E+01   0.30618786120355E+03   0.66155689327034E+02   0.23629310367612E+03  0.d0 0.d0 0.d0
clo214  ep = 2459000.500000
 0.10012479551164E+01   0.10330144818928E+00   0.77853335013418E+01   0.30618787290404E+03   0.66155678716065E+02   0.23629310486285E+03  0.d0 0.d0 0.d0
clo215  ep = 2459000.500000
 0.10012479558409E+01   0.10330145286352E+00   0.77853305385224E+01   0.30618787241453E+03   0.66155683264613E+02   0.23629309909502E+03  0.d0 0.d0 0.d0
clo216  ep = 2459000.500000
 0.10012479560336E+01   0.10330139067667E+00   0.77853310355976E+01   0.30618787651163E+03   0.66155673184469E+02   0.23629310445962E+03  0.d0 0.d0 0.d0
clo217  ep = 2459000.500000
 0.10012479552120E+01   0.10330144409895E+00   0.77853329328241E+01   0.30618788610126E+03   0.66155676018636E+02   0.23629309132052E+03  0.d0 0.d0 0.d0
clo218  ep = 2459000.500000
 0.10012479548602E+01   0.10330133687939E+00   0.77853239224014E+01   0.30618786455232E+03   0.66155684106039E+02   0.23629310789336E+03  0.d0 0.d0 0.d0
clo219  ep = 2459000.500000
 0.10012479580584E+01   0.10330141993728E+00   0.77853346453485E+01   0.30618786531620E+03   0.66155670360934E+02   0.23629312023562E+03  0.d0 0.d0 0.d0
clo220  ep = 2459000.500000
 0.10012479574056E+01   0.10330135290500E+00   0.77853275929558E+01   0.30618785259111E+03   0.66155669031927E+02   0.23629313602163E+03  0.d0 0.d0 0.d0
clo221  ep = 2459000.500000
 0.10012479570160E+01   0.10330150062426E+00   0.77853369464683E+01   0.30618785032051E+03   0.66155675728781E+02   0.23629313255440E+03  0.d0 0.d0 0.d0
clo222  ep = 2459000.500000
 0.10012479518971E+01   0.10330130444812E+00   0.77853262031099E+01   0.30618791414972E+03   0.66155673631577E+02   0.23629306425932E+03  0.d0 0.d0 0.d0
clo223  ep = 2459000.500000
 0.10012479547144E+01   0.10330128473149E+00   0.77853191622521E+01   0.30618785526637E+03   0.66155696471211E+02   0.23629310399376E+03  0.d0 0.d0 0.d0
clo224  ep = 2459000.500000
 0.10012479548541E+01   0.10330140464467E+00   0.77853298950486E+01   0.30618787762203E+03   0.66155672778329E+02   0.23629310615743E+03  0.d0 0.d0 0.d0
clo225  ep = 2459000.500000
 0.10012479537690E+01   0.10330133722506E+00   0.77853257664470E+01   0.30618788819824E+03   0.66155688239197E+02   0.23629307604181E+03  0.d0 0.d0 0.d0
clo226  ep = 2459000.500000
 0.10012479575069E+01   0.10330146226781E+00   0.77853340801537E+01   0.30618785385067E+03   0.66155677619367E+02   0.23629312428423E+03  0.d0 0.d0 0.d0
clo227  ep = 2459000.500000
 0.10012479547566E+01   0.10330136025656E+00   0.77853289426863E+01   0.30618787219592E+03   0.66155671831501E+02   0.23629311465502E+03  0.d0 0.d0 0.d0
clo228  ep = 2459000.500000
 0.10012479578126E+01   0.10330150646977E+00   0.77853373754622E+01   0.30618784056645E+03   0.66155678937036E+02   0.23629314093670E+03  0.d0 0.d0 0.d0
clo229  ep = 2459000.500000
 0.10012479552799E+01   0.10330134948005E+00   0.77853233448001E+01   0.30618784645621E+03   0.66155701798481E+02   0.23629310918597E+03  0.d0 0.d0 0.d0
clo230  ep = 2459000.500000
 0.10012479567612E+01   0.10330132985205E+00   0.77853250467971E+01   0.30618784453080E+03   0.66155683264553E+02   0.23629313072823E+03  0.d0 0.d0 0.d0
clo231  ep = 2459000.500000
 0.10012479553354E+01   0.10330134020032E+00   0.77853246598664E+01   0.30618785413437E+03   0.66155687524915E+02   0.23629311643861E+03  0.d0 0.d0 0.d0
clo232  ep = 2459000.500000
 0.10012479550161E+01   0.10330146598055E+00   0.77853352320206E+01   0.30618788169257E+03   0.66155668387597E+02   0.23629310627530E+03  0.d0 0.d0 0.d0
clo233  ep = 2459000.500000
 0.10012479559519E+01   0.10330124915016E+00   0.77853185461829E+01   0.30618785763574E+03   0.66155689150302E+02   0.23629310758024E+03  0.d0 0.d0 0.d0
clo234  ep = 2459000.500000
 0.10012479544469E+01   0.10330130015452E+00   0.77853217217879E+01   0.30618786272429E+03   0.66155685480874E+02   0.23629310979381E+03  0.d0 0.d0 0.d0
clo235  ep = 2459000.500000
 0.10012479543285E+01   0.10330127052852E+00   0.77853187910977E+01   0.30618787546865E+03   0.66155697519091E+02   0.23629307895005E+03  0.d0 0.d0 0.d0
clo236  ep = 2459000.500000
 0.10012479563976E+01   0.10330134689622E+00   0.77853238270725E+01   0.30618784229657E+03   0.66155697524648E+02   0.23629311569624E+03  0.d0 0.d0 0.d0
clo237  ep = 2459000.500000
 0.10012479544663E+01   0.10330131881939E+00   0.77853259428776E+01   0.30618787486164E+03   0.66155679104638E+02   0.23629310278195E+03  0.d0 0.d0 0.d0
clo238  ep = 2459000.500000
 0.10012479530721E+01   0.10330136220017E+00   0.77853273836972E+01   0.30618789274142E+03   0.66155681755934E+02   0.23629307897149E+03  0.d0 0.d0 0.d0
clo239  ep = 2459000.500000
 0.10012479550861E+01   0.10330132223351E+00   0.77853241860009E+01   0.30618788350795E+03   0.66155685512314E+02   0.23629308160853E+03  0.d0 0.d0 0.d0
clo240  ep = 2459000.500000
 0.10012479571271E+01   0.10330127145510E+00   0.77853203580760E+01   0.30618782544736E+03   0.66155689722599E+02   0.23629314552253E+03  0.d0 0.d0 0.d0
clo241  ep = 2459000.500000
 0.10012479543483E+01   0.10330125369953E+00   0.77853202840597E+01   0.30618787730515E+03   0.66155680448375E+02   0.23629309701764E+03  0.d0 0.d0 0.d0
clo242  ep = 2459000.500000
 0.10012479552241E+01   0.10330133789983E+00   0.77853262814269E+01   0.30618786250984E+03   0.66155684947858E+02   0.23629311074632E+03  0.d0 0.d0 0.d0
clo243  ep = 2459000.500000
 0.10012479564134E+01   0.10330138425473E+00   0.77853283925780E+01   0.30618786681741E+03   0.66155688333272E+02   0.23629309721844E+03  0.d0 0.d0 0.d0
clo244  ep = 2459000.500000
 0.10012479557946E+01   0.10330144251192E+00   0.77853291289776E+01   0.30618787180975E+03   0.66155687546996E+02   0.23629309429433E+03  0.d0 0.d0 0.d0
clo245  ep = 2459000.500000
 0.10012479561150E+01   0.10330156302996E+00   0.77853395989292E+01   0.30618783936305E+03   0.66155680984863E+02   0.23629314284164E+03  0.d0 0.d0 0.d0
clo246  ep = 2459000.500000
 0.10012479516473E+01   0.10330116955133E+00   0.77853146110750E+01   0.30618789358530E+03   0.66155694978050E+02   0.23629306306705E+03  0.d0 0.d0 0.d0
clo247  ep = 2459000.500000
 0.10012479556391E+01   0.10330123852791E+00   0.77853195676620E+01   0.30618787139796E+03   0.66155685034221E+02   0.23629309631010E+03  0.d0 0.d0 0.d0
clo248  ep = 2459000.500000
 0.10012479566360E+01   0.10330136423362E+00   0.77853280298859E+01   0.30618786869489E+03   0.66155674198133E+02   0.23629311147339E+03  0.d0 0.d0 0.d0
clo249  ep = 2459000.500000
 0.10012479557576E+01   0.10330146201139E+00   0.77853328262881E+01   0.30618787477512E+03   0.66155682316270E+02   0.23629309593765E+03  0.d0 0.d0 0.d0
