)O+_06 Small-body initial data  (WARNING: Do not delete this line!!)
) Lines beginning with `)\` are ignored.
)---------------------------------------------------------------------
 style (Cartesian, Asteroidal, Cometary) = Asteroidal
)--------------------------------------------d or D is not matter--0d0 is possible too--
clo0    ep = 2459000.500000
 0.10012479559904E+01   0.10330139523365E+00   0.77853290146073E+01   0.30618786126354E+03   0.66155681368549E+02   0.23629311427075E+03  0.d0 0.d0 0.d0
clo1    ep = 2459000.500000
 0.10012479572664E+01   0.10330153512650E+00   0.77853410766536E+01   0.30618786418098E+03   0.66155666998674E+02   0.23629312706462E+03  0.d0 0.d0 0.d0
clo2    ep = 2459000.500000
 0.10012479560267E+01   0.10330141463864E+00   0.77853333143501E+01   0.30618785438399E+03   0.66155681610728E+02   0.23629312326933E+03  0.d0 0.d0 0.d0
clo3    ep = 2459000.500000
 0.10012479584159E+01   0.10330153641103E+00   0.77853393752965E+01   0.30618785166771E+03   0.66155671026859E+02   0.23629313520679E+03  0.d0 0.d0 0.d0
clo4    ep = 2459000.500000
 0.10012479576585E+01   0.10330128955081E+00   0.77853193733694E+01   0.30618783241858E+03   0.66155702325537E+02   0.23629311979438E+03  0.d0 0.d0 0.d0
clo5    ep = 2459000.500000
 0.10012479580762E+01   0.10330138110338E+00   0.77853270374321E+01   0.30618785516837E+03   0.66155677703093E+02   0.23629312348205E+03  0.d0 0.d0 0.d0
clo6    ep = 2459000.500000
 0.10012479524819E+01   0.10330134090472E+00   0.77853238688954E+01   0.30618788732696E+03   0.66155701191290E+02   0.23629306174096E+03  0.d0 0.d0 0.d0
clo7    ep = 2459000.500000
 0.10012479570525E+01   0.10330138209004E+00   0.77853303274359E+01   0.30618785595961E+03   0.66155669237096E+02   0.23629313354149E+03  0.d0 0.d0 0.d0
clo8    ep = 2459000.500000
 0.10012479554136E+01   0.10330119056787E+00   0.77853132802429E+01   0.30618786054068E+03   0.66155698461058E+02   0.23629309311957E+03  0.d0 0.d0 0.d0
clo9    ep = 2459000.500000
 0.10012479577988E+01   0.10330143105711E+00   0.77853324920389E+01   0.30618782923671E+03   0.66155673996539E+02   0.23629315943185E+03  0.d0 0.d0 0.d0
clo10   ep = 2459000.500000
 0.10012479572514E+01   0.10330160508867E+00   0.77853420111211E+01   0.30618784838152E+03   0.66155673950116E+02   0.23629313907588E+03  0.d0 0.d0 0.d0
clo11   ep = 2459000.500000
 0.10012479555279E+01   0.10330134586639E+00   0.77853261938847E+01   0.30618789122457E+03   0.66155677529063E+02   0.23629308166222E+03  0.d0 0.d0 0.d0
clo12   ep = 2459000.500000
 0.10012479558066E+01   0.10330133085030E+00   0.77853239863186E+01   0.30618786390346E+03   0.66155679937392E+02   0.23629311380796E+03  0.d0 0.d0 0.d0
clo13   ep = 2459000.500000
 0.10012479552750E+01   0.10330139374835E+00   0.77853271775401E+01   0.30618786274502E+03   0.66155679726036E+02   0.23629311649929E+03  0.d0 0.d0 0.d0
clo14   ep = 2459000.500000
 0.10012479546718E+01   0.10330135610599E+00   0.77853234440832E+01   0.30618783762890E+03   0.66155696031878E+02   0.23629312895554E+03  0.d0 0.d0 0.d0
clo15   ep = 2459000.500000
 0.10012479565497E+01   0.10330128178782E+00   0.77853224500637E+01   0.30618784863585E+03   0.66155683061312E+02   0.23629312699331E+03  0.d0 0.d0 0.d0
clo16   ep = 2459000.500000
 0.10012479564526E+01   0.10330150896451E+00   0.77853383328937E+01   0.30618784785669E+03   0.66155669976192E+02   0.23629314530964E+03  0.d0 0.d0 0.d0
clo17   ep = 2459000.500000
 0.10012479574034E+01   0.10330143326345E+00   0.77853303635342E+01   0.30618785079239E+03   0.66155671626061E+02   0.23629313670332E+03  0.d0 0.d0 0.d0
clo18   ep = 2459000.500000
 0.10012479570186E+01   0.10330146049203E+00   0.77853330460740E+01   0.30618786742126E+03   0.66155673268536E+02   0.23629311307703E+03  0.d0 0.d0 0.d0
clo19   ep = 2459000.500000
 0.10012479565126E+01   0.10330157755370E+00   0.77853413738704E+01   0.30618789763625E+03   0.66155672586158E+02   0.23629307865492E+03  0.d0 0.d0 0.d0
clo20   ep = 2459000.500000
 0.10012479580276E+01   0.10330157659558E+00   0.77853416793863E+01   0.30618786192559E+03   0.66155667725187E+02   0.23629312661597E+03  0.d0 0.d0 0.d0
clo21   ep = 2459000.500000
 0.10012479589772E+01   0.10330153108637E+00   0.77853389683494E+01   0.30618786099496E+03   0.66155672863488E+02   0.23629311969544E+03  0.d0 0.d0 0.d0
clo22   ep = 2459000.500000
 0.10012479590500E+01   0.10330144420963E+00   0.77853340781722E+01   0.30618782636612E+03   0.66155657401581E+02   0.23629318281962E+03  0.d0 0.d0 0.d0
clo23   ep = 2459000.500000
 0.10012479562106E+01   0.10330134321504E+00   0.77853290270366E+01   0.30618786731577E+03   0.66155670745718E+02   0.23629311989224E+03  0.d0 0.d0 0.d0
clo24   ep = 2459000.500000
 0.10012479551426E+01   0.10330148272402E+00   0.77853351139220E+01   0.30618785292957E+03   0.66155682041705E+02   0.23629312461514E+03  0.d0 0.d0 0.d0
clo25   ep = 2459000.500000
 0.10012479577919E+01   0.10330153527305E+00   0.77853392252523E+01   0.30618784588505E+03   0.66155680994259E+02   0.23629312901956E+03  0.d0 0.d0 0.d0
clo26   ep = 2459000.500000
 0.10012479556573E+01   0.10330138227772E+00   0.77853270487914E+01   0.30618787396969E+03   0.66155682446980E+02   0.23629309878354E+03  0.d0 0.d0 0.d0
clo27   ep = 2459000.500000
 0.10012479551285E+01   0.10330160488213E+00   0.77853419709042E+01   0.30618788885004E+03   0.66155676485436E+02   0.23629308856010E+03  0.d0 0.d0 0.d0
clo28   ep = 2459000.500000
 0.10012479530369E+01   0.10330137958682E+00   0.77853281441303E+01   0.30618787602584E+03   0.66155671368081E+02   0.23629311246745E+03  0.d0 0.d0 0.d0
clo29   ep = 2459000.500000
 0.10012479581065E+01   0.10330163091751E+00   0.77853479403444E+01   0.30618787459964E+03   0.66155661942381E+02   0.23629311870117E+03  0.d0 0.d0 0.d0
clo30   ep = 2459000.500000
 0.10012479559422E+01   0.10330140099571E+00   0.77853312325281E+01   0.30618786406284E+03   0.66155663162390E+02   0.23629313356912E+03  0.d0 0.d0 0.d0
clo31   ep = 2459000.500000
 0.10012479560987E+01   0.10330140043246E+00   0.77853310929179E+01   0.30618786363737E+03   0.66155670729807E+02   0.23629312447501E+03  0.d0 0.d0 0.d0
clo32   ep = 2459000.500000
 0.10012479562184E+01   0.10330128052664E+00   0.77853243789935E+01   0.30618786117444E+03   0.66155673593835E+02   0.23629312227830E+03  0.d0 0.d0 0.d0
clo33   ep = 2459000.500000
 0.10012479551868E+01   0.10330137810685E+00   0.77853296637614E+01   0.30618787607105E+03   0.66155676341682E+02   0.23629310418161E+03  0.d0 0.d0 0.d0
clo34   ep = 2459000.500000
 0.10012479586582E+01   0.10330167486578E+00   0.77853481881580E+01   0.30618784707595E+03   0.66155667061717E+02   0.23629314588965E+03  0.d0 0.d0 0.d0
clo35   ep = 2459000.500000
 0.10012479548202E+01   0.10330124050903E+00   0.77853170233365E+01   0.30618786009100E+03   0.66155698805954E+02   0.23629309578473E+03  0.d0 0.d0 0.d0
clo36   ep = 2459000.500000
 0.10012479535852E+01   0.10330132419040E+00   0.77853238111890E+01   0.30618787889569E+03   0.66155696926568E+02   0.23629307707278E+03  0.d0 0.d0 0.d0
clo37   ep = 2459000.500000
 0.10012479582714E+01   0.10330141045960E+00   0.77853318581784E+01   0.30618785223468E+03   0.66155670531157E+02   0.23629313379660E+03  0.d0 0.d0 0.d0
clo38   ep = 2459000.500000
 0.10012479540197E+01   0.10330120741103E+00   0.77853173054368E+01   0.30618786267795E+03   0.66155683031953E+02   0.23629311380998E+03  0.d0 0.d0 0.d0
clo39   ep = 2459000.500000
 0.10012479547238E+01   0.10330144831985E+00   0.77853310450020E+01   0.30618786066260E+03   0.66155688723162E+02   0.23629310754592E+03  0.d0 0.d0 0.d0
clo40   ep = 2459000.500000
 0.10012479550931E+01   0.10330145245084E+00   0.77853337621497E+01   0.30618787591277E+03   0.66155675776911E+02   0.23629310462810E+03  0.d0 0.d0 0.d0
clo41   ep = 2459000.500000
 0.10012479560790E+01   0.10330137780012E+00   0.77853265804976E+01   0.30618785672968E+03   0.66155687269380E+02   0.23629311149035E+03  0.d0 0.d0 0.d0
clo42   ep = 2459000.500000
 0.10012479577327E+01   0.10330141804922E+00   0.77853272324234E+01   0.30618783181166E+03   0.66155687651013E+02   0.23629314084207E+03  0.d0 0.d0 0.d0
clo43   ep = 2459000.500000
 0.10012479582767E+01   0.10330153706846E+00   0.77853410207026E+01   0.30618783810671E+03   0.66155670535947E+02   0.23629315311565E+03  0.d0 0.d0 0.d0
clo44   ep = 2459000.500000
 0.10012479567694E+01   0.10330141601542E+00   0.77853309839324E+01   0.30618785926796E+03   0.66155676246332E+02   0.23629312043647E+03  0.d0 0.d0 0.d0
clo45   ep = 2459000.500000
 0.10012479557436E+01   0.10330127304208E+00   0.77853200356035E+01   0.30618783774884E+03   0.66155698946163E+02   0.23629312094524E+03  0.d0 0.d0 0.d0
clo46   ep = 2459000.500000
 0.10012479575027E+01   0.10330142429369E+00   0.77853307300167E+01   0.30618783569025E+03   0.66155683957843E+02   0.23629314121234E+03  0.d0 0.d0 0.d0
clo47   ep = 2459000.500000
 0.10012479564591E+01   0.10330132768336E+00   0.77853236827810E+01   0.30618786114938E+03   0.66155689389593E+02   0.23629310463838E+03  0.d0 0.d0 0.d0
clo48   ep = 2459000.500000
 0.10012479569510E+01   0.10330162761840E+00   0.77853454342493E+01   0.30618785708811E+03   0.66155661913762E+02   0.23629314350776E+03  0.d0 0.d0 0.d0
clo49   ep = 2459000.500000
 0.10012479551941E+01   0.10330121708927E+00   0.77853169116312E+01   0.30618787228491E+03   0.66155697177429E+02   0.23629307995457E+03  0.d0 0.d0 0.d0
