)O+_06 Small-body initial data  (WARNING: Do not delete this line!!)
) Lines beginning with `)\` are ignored.
)---------------------------------------------------------------------
 style (Cartesian, Asteroidal, Cometary) = Asteroidal
)--------------------------------------------d or D is not matter--0d0 is possible too--
clo650  ep = 2459000.500000
 0.10012479560826E+01   0.10330154643676E+00   0.77853425304501E+01   0.30618785737061E+03   0.66155662682003E+02   0.23629314312859E+03  0.d0 0.d0 0.d0
clo651  ep = 2459000.500000
 0.10012479548984E+01   0.10330154224642E+00   0.77853395704560E+01   0.30618787638243E+03   0.66155673792876E+02   0.23629310828351E+03  0.d0 0.d0 0.d0
clo652  ep = 2459000.500000
 0.10012479572059E+01   0.10330125576191E+00   0.77853209666674E+01   0.30618785339106E+03   0.66155680942385E+02   0.23629312153267E+03  0.d0 0.d0 0.d0
clo653  ep = 2459000.500000
 0.10012479529685E+01   0.10330120315977E+00   0.77853133422588E+01   0.30618789023954E+03   0.66155707662330E+02   0.23629304921786E+03  0.d0 0.d0 0.d0
clo654  ep = 2459000.500000
 0.10012479573778E+01   0.10330132715145E+00   0.77853269873452E+01   0.30618785153030E+03   0.66155675604401E+02   0.23629313031545E+03  0.d0 0.d0 0.d0
clo655  ep = 2459000.500000
 0.10012479558184E+01   0.10330149562448E+00   0.77853329499095E+01   0.30618785325740E+03   0.66155689782424E+02   0.23629311332604E+03  0.d0 0.d0 0.d0
clo656  ep = 2459000.500000
 0.10012479584133E+01   0.10330147495863E+00   0.77853332562272E+01   0.30618783358720E+03   0.66155678045962E+02   0.23629314817727E+03  0.d0 0.d0 0.d0
clo657  ep = 2459000.500000
 0.10012479571890E+01   0.10330132370930E+00   0.77853246634831E+01   0.30618783980987E+03   0.66155678553349E+02   0.23629314154098E+03  0.d0 0.d0 0.d0
clo658  ep = 2459000.500000
 0.10012479547866E+01   0.10330133246886E+00   0.77853275032419E+01   0.30618788143940E+03   0.66155681117936E+02   0.23629309069682E+03  0.d0 0.d0 0.d0
clo659  ep = 2459000.500000
 0.10012479534526E+01   0.10330117335888E+00   0.77853161867755E+01   0.30618789452715E+03   0.66155686142120E+02   0.23629306979022E+03  0.d0 0.d0 0.d0
clo660  ep = 2459000.500000
 0.10012479547112E+01   0.10330139268015E+00   0.77853295800169E+01   0.30618787350315E+03   0.66155678392043E+02   0.23629310567473E+03  0.d0 0.d0 0.d0
clo661  ep = 2459000.500000
 0.10012479554203E+01   0.10330139822773E+00   0.77853298684161E+01   0.30618785752363E+03   0.66155684130530E+02   0.23629311565483E+03  0.d0 0.d0 0.d0
clo662  ep = 2459000.500000
 0.10012479568575E+01   0.10330149405289E+00   0.77853342986137E+01   0.30618785784822E+03   0.66155683531918E+02   0.23629311514549E+03  0.d0 0.d0 0.d0
clo663  ep = 2459000.500000
 0.10012479552058E+01   0.10330136614041E+00   0.77853271261161E+01   0.30618786243052E+03   0.66155687149564E+02   0.23629310743953E+03  0.d0 0.d0 0.d0
clo664  ep = 2459000.500000
 0.10012479554425E+01   0.10330119173507E+00   0.77853144194762E+01   0.30618785295203E+03   0.66155698835437E+02   0.23629310204011E+03  0.d0 0.d0 0.d0
clo665  ep = 2459000.500000
 0.10012479594707E+01   0.10330159205518E+00   0.77853434349251E+01   0.30618784442651E+03   0.66155673116322E+02   0.23629314004065E+03  0.d0 0.d0 0.d0
clo666  ep = 2459000.500000
 0.10012479556937E+01   0.10330145105957E+00   0.77853308990403E+01   0.30618785700126E+03   0.66155685573639E+02   0.23629311650457E+03  0.d0 0.d0 0.d0
clo667  ep = 2459000.500000
 0.10012479547557E+01   0.10330138932519E+00   0.77853270140630E+01   0.30618787943327E+03   0.66155689025676E+02   0.23629308426988E+03  0.d0 0.d0 0.d0
clo668  ep = 2459000.500000
 0.10012479543289E+01   0.10330121920672E+00   0.77853163124427E+01   0.30618786891227E+03   0.66155690769857E+02   0.23629309539840E+03  0.d0 0.d0 0.d0
clo669  ep = 2459000.500000
 0.10012479547641E+01   0.10330117457970E+00   0.77853105391838E+01   0.30618783909012E+03   0.66155708368487E+02   0.23629310949393E+03  0.d0 0.d0 0.d0
clo670  ep = 2459000.500000
 0.10012479561557E+01   0.10330131833878E+00   0.77853235592071E+01   0.30618786041162E+03   0.66155680030329E+02   0.23629311767346E+03  0.d0 0.d0 0.d0
clo671  ep = 2459000.500000
 0.10012479542080E+01   0.10330149149717E+00   0.77853353044084E+01   0.30618787501477E+03   0.66155678907716E+02   0.23629310236301E+03  0.d0 0.d0 0.d0
clo672  ep = 2459000.500000
 0.10012479574447E+01   0.10330159520222E+00   0.77853392188679E+01   0.30618784626209E+03   0.66155685137656E+02   0.23629312672127E+03  0.d0 0.d0 0.d0
clo673  ep = 2459000.500000
 0.10012479510255E+01   0.10330113985439E+00   0.77853108150097E+01   0.30618787935919E+03   0.66155703157713E+02   0.23629307298864E+03  0.d0 0.d0 0.d0
clo674  ep = 2459000.500000
 0.10012479579515E+01   0.10330175279178E+00   0.77853526841373E+01   0.30618786455608E+03   0.66155668534646E+02   0.23629312413509E+03  0.d0 0.d0 0.d0
clo675  ep = 2459000.500000
 0.10012479499186E+01   0.10330120655877E+00   0.77853178993912E+01   0.30618788320313E+03   0.66155692141217E+02   0.23629308358265E+03  0.d0 0.d0 0.d0
clo676  ep = 2459000.500000
 0.10012479521108E+01   0.10330125252808E+00   0.77853231955440E+01   0.30618791895361E+03   0.66155681309956E+02   0.23629304964637E+03  0.d0 0.d0 0.d0
clo677  ep = 2459000.500000
 0.10012479588872E+01   0.10330155939443E+00   0.77853417722530E+01   0.30618784554481E+03   0.66155664990983E+02   0.23629315057517E+03  0.d0 0.d0 0.d0
clo678  ep = 2459000.500000
 0.10012479548635E+01   0.10330142240755E+00   0.77853306991314E+01   0.30618787752276E+03   0.66155683517108E+02   0.23629309390372E+03  0.d0 0.d0 0.d0
clo679  ep = 2459000.500000
 0.10012479558887E+01   0.10330147532004E+00   0.77853332043845E+01   0.30618784403766E+03   0.66155686761047E+02   0.23629312961056E+03  0.d0 0.d0 0.d0
clo680  ep = 2459000.500000
 0.10012479559346E+01   0.10330138069019E+00   0.77853298166465E+01   0.30618788529334E+03   0.66155671088893E+02   0.23629309671453E+03  0.d0 0.d0 0.d0
clo681  ep = 2459000.500000
 0.10012479546305E+01   0.10330132408188E+00   0.77853225768802E+01   0.30618786445488E+03   0.66155698905567E+02   0.23629309064971E+03  0.d0 0.d0 0.d0
clo682  ep = 2459000.500000
 0.10012479572640E+01   0.10330137123608E+00   0.77853297933645E+01   0.30618785935930E+03   0.66155671912464E+02   0.23629312690998E+03  0.d0 0.d0 0.d0
clo683  ep = 2459000.500000
 0.10012479540072E+01   0.10330150844296E+00   0.77853374073719E+01   0.30618788279319E+03   0.66155680131238E+02   0.23629309355976E+03  0.d0 0.d0 0.d0
clo684  ep = 2459000.500000
 0.10012479589416E+01   0.10330163491048E+00   0.77853470275278E+01   0.30618785612682E+03   0.66155662568538E+02   0.23629314065142E+03  0.d0 0.d0 0.d0
clo685  ep = 2459000.500000
 0.10012479559782E+01   0.10330157378393E+00   0.77853396924664E+01   0.30618788015927E+03   0.66155675746823E+02   0.23629309799648E+03  0.d0 0.d0 0.d0
clo686  ep = 2459000.500000
 0.10012479575102E+01   0.10330156793207E+00   0.77853396517708E+01   0.30618782921549E+03   0.66155681710070E+02   0.23629315196831E+03  0.d0 0.d0 0.d0
clo687  ep = 2459000.500000
 0.10012479538925E+01   0.10330142420716E+00   0.77853293805494E+01   0.30618788750161E+03   0.66155695489879E+02   0.23629306828741E+03  0.d0 0.d0 0.d0
clo688  ep = 2459000.500000
 0.10012479545315E+01   0.10330141947220E+00   0.77853303812157E+01   0.30618786891559E+03   0.66155689746539E+02   0.23629309549041E+03  0.d0 0.d0 0.d0
clo689  ep = 2459000.500000
 0.10012479545294E+01   0.10330131810472E+00   0.77853264876184E+01   0.30618788608569E+03   0.66155679598448E+02   0.23629308738459E+03  0.d0 0.d0 0.d0
clo690  ep = 2459000.500000
 0.10012479546411E+01   0.10330122509239E+00   0.77853186654845E+01   0.30618784597592E+03   0.66155680624288E+02   0.23629313681329E+03  0.d0 0.d0 0.d0
clo691  ep = 2459000.500000
 0.10012479579105E+01   0.10330153233798E+00   0.77853427458227E+01   0.30618785692959E+03   0.66155667696673E+02   0.23629313456658E+03  0.d0 0.d0 0.d0
clo692  ep = 2459000.500000
 0.10012479539964E+01   0.10330119042867E+00   0.77853136675924E+01   0.30618787735475E+03   0.66155697759839E+02   0.23629307658685E+03  0.d0 0.d0 0.d0
clo693  ep = 2459000.500000
 0.10012479551554E+01   0.10330130846927E+00   0.77853242313084E+01   0.30618787694426E+03   0.66155684827574E+02   0.23629309192492E+03  0.d0 0.d0 0.d0
clo694  ep = 2459000.500000
 0.10012479564934E+01   0.10330131777334E+00   0.77853219835341E+01   0.30618784794303E+03   0.66155688170628E+02   0.23629312195384E+03  0.d0 0.d0 0.d0
clo695  ep = 2459000.500000
 0.10012479558693E+01   0.10330139723564E+00   0.77853298071341E+01   0.30618787068073E+03   0.66155658631595E+02   0.23629313192165E+03  0.d0 0.d0 0.d0
clo696  ep = 2459000.500000
 0.10012479555120E+01   0.10330139415693E+00   0.77853303408076E+01   0.30618785586796E+03   0.66155675766987E+02   0.23629312846094E+03  0.d0 0.d0 0.d0
clo697  ep = 2459000.500000
 0.10012479578315E+01   0.10330141195879E+00   0.77853273367469E+01   0.30618785189271E+03   0.66155691064848E+02   0.23629310949971E+03  0.d0 0.d0 0.d0
clo698  ep = 2459000.500000
 0.10012479581674E+01   0.10330156559203E+00   0.77853377595344E+01   0.30618782655336E+03   0.66155690012393E+02   0.23629314252261E+03  0.d0 0.d0 0.d0
clo699  ep = 2459000.500000
 0.10012479580246E+01   0.10330148443313E+00   0.77853361687715E+01   0.30618786133568E+03   0.66155672825437E+02   0.23629312081476E+03  0.d0 0.d0 0.d0
