)O+_06 Small-body initial data  (WARNING: Do not delete this line!!)
) Lines beginning with `)\` are ignored.
)---------------------------------------------------------------------
 style (Cartesian, Asteroidal, Cometary) = Asteroidal
)--------------------------------------------d or D is not matter--0d0 is possible too--
clo550  ep = 2459000.500000
 0.10012479531805E+01   0.10330121865536E+00   0.77853154425352E+01   0.30618786386006E+03   0.66155700742368E+02   0.23629309261568E+03  0.d0 0.d0 0.d0
clo551  ep = 2459000.500000
 0.10012479562393E+01   0.10330155674101E+00   0.77853420132246E+01   0.30618788161758E+03   0.66155656046956E+02   0.23629312037507E+03  0.d0 0.d0 0.d0
clo552  ep = 2459000.500000
 0.10012479553781E+01   0.10330145944588E+00   0.77853337889265E+01   0.30618787359801E+03   0.66155679779565E+02   0.23629310178621E+03  0.d0 0.d0 0.d0
clo553  ep = 2459000.500000
 0.10012479548183E+01   0.10330141204047E+00   0.77853299220103E+01   0.30618787163782E+03   0.66155682404496E+02   0.23629310330075E+03  0.d0 0.d0 0.d0
clo554  ep = 2459000.500000
 0.10012479542555E+01   0.10330132619892E+00   0.77853235214238E+01   0.30618787405084E+03   0.66155688557290E+02   0.23629309277334E+03  0.d0 0.d0 0.d0
clo555  ep = 2459000.500000
 0.10012479544574E+01   0.10330122021930E+00   0.77853164404178E+01   0.30618787770850E+03   0.66155697128157E+02   0.23629307619578E+03  0.d0 0.d0 0.d0
clo556  ep = 2459000.500000
 0.10012479551489E+01   0.10330144423347E+00   0.77853350746231E+01   0.30618788081756E+03   0.66155668396684E+02   0.23629310757562E+03  0.d0 0.d0 0.d0
clo557  ep = 2459000.500000
 0.10012479561357E+01   0.10330137030514E+00   0.77853253484263E+01   0.30618785501010E+03   0.66155686112304E+02   0.23629311557168E+03  0.d0 0.d0 0.d0
clo558  ep = 2459000.500000
 0.10012479549676E+01   0.10330143300027E+00   0.77853292165075E+01   0.30618787439922E+03   0.66155691993812E+02   0.23629308583776E+03  0.d0 0.d0 0.d0
clo559  ep = 2459000.500000
 0.10012479545607E+01   0.10330116055650E+00   0.77853098247969E+01   0.30618785784627E+03   0.66155702482272E+02   0.23629309475797E+03  0.d0 0.d0 0.d0
clo560  ep = 2459000.500000
 0.10012479547628E+01   0.10330143128635E+00   0.77853297415502E+01   0.30618786882228E+03   0.66155697805032E+02   0.23629308604853E+03  0.d0 0.d0 0.d0
clo561  ep = 2459000.500000
 0.10012479572733E+01   0.10330140776701E+00   0.77853291333962E+01   0.30618784349600E+03   0.66155678888098E+02   0.23629313735184E+03  0.d0 0.d0 0.d0
clo562  ep = 2459000.500000
 0.10012479534706E+01   0.10330123783638E+00   0.77853192459294E+01   0.30618788414298E+03   0.66155695242089E+02   0.23629307185891E+03  0.d0 0.d0 0.d0
clo563  ep = 2459000.500000
 0.10012479520687E+01   0.10330113594269E+00   0.77853135456568E+01   0.30618789251375E+03   0.66155689459292E+02   0.23629307057672E+03  0.d0 0.d0 0.d0
clo564  ep = 2459000.500000
 0.10012479551688E+01   0.10330142579881E+00   0.77853311570654E+01   0.30618786160749E+03   0.66155678966609E+02   0.23629311967406E+03  0.d0 0.d0 0.d0
clo565  ep = 2459000.500000
 0.10012479549506E+01   0.10330127778181E+00   0.77853187012817E+01   0.30618784410450E+03   0.66155692993244E+02   0.23629312176709E+03  0.d0 0.d0 0.d0
clo566  ep = 2459000.500000
 0.10012479562217E+01   0.10330126325253E+00   0.77853188125133E+01   0.30618784030357E+03   0.66155693680756E+02   0.23629312242210E+03  0.d0 0.d0 0.d0
clo567  ep = 2459000.500000
 0.10012479568228E+01   0.10330144825271E+00   0.77853361422269E+01   0.30618786548418E+03   0.66155663973705E+02   0.23629313067733E+03  0.d0 0.d0 0.d0
clo568  ep = 2459000.500000
 0.10012479571994E+01   0.10330166211995E+00   0.77853476028461E+01   0.30618785973801E+03   0.66155661886177E+02   0.23629313959463E+03  0.d0 0.d0 0.d0
clo569  ep = 2459000.500000
 0.10012479552988E+01   0.10330154253419E+00   0.77853415024883E+01   0.30618787764484E+03   0.66155666305559E+02   0.23629311529662E+03  0.d0 0.d0 0.d0
clo570  ep = 2459000.500000
 0.10012479538735E+01   0.10330127948962E+00   0.77853214885968E+01   0.30618786199748E+03   0.66155686431057E+02   0.23629311001043E+03  0.d0 0.d0 0.d0
clo571  ep = 2459000.500000
 0.10012479552842E+01   0.10330130199019E+00   0.77853217624756E+01   0.30618786285449E+03   0.66155691584632E+02   0.23629309942970E+03  0.d0 0.d0 0.d0
clo572  ep = 2459000.500000
 0.10012479561516E+01   0.10330124763570E+00   0.77853176627407E+01   0.30618784547810E+03   0.66155700803695E+02   0.23629310818780E+03  0.d0 0.d0 0.d0
clo573  ep = 2459000.500000
 0.10012479540462E+01   0.10330128736918E+00   0.77853178817532E+01   0.30618785581649E+03   0.66155709050747E+02   0.23629308924315E+03  0.d0 0.d0 0.d0
clo574  ep = 2459000.500000
 0.10012479545848E+01   0.10330114452865E+00   0.77853100797437E+01   0.30618786576407E+03   0.66155707379871E+02   0.23629307420940E+03  0.d0 0.d0 0.d0
clo575  ep = 2459000.500000
 0.10012479579173E+01   0.10330149752181E+00   0.77853384270676E+01   0.30618787210186E+03   0.66155663394998E+02   0.23629312104549E+03  0.d0 0.d0 0.d0
clo576  ep = 2459000.500000
 0.10012479562521E+01   0.10330153783784E+00   0.77853402250090E+01   0.30618788783698E+03   0.66155665550837E+02   0.23629310073507E+03  0.d0 0.d0 0.d0
clo577  ep = 2459000.500000
 0.10012479598890E+01   0.10330173487835E+00   0.77853511799810E+01   0.30618785512952E+03   0.66155676338906E+02   0.23629312283900E+03  0.d0 0.d0 0.d0
clo578  ep = 2459000.500000
 0.10012479563331E+01   0.10330129009225E+00   0.77853225073168E+01   0.30618783295670E+03   0.66155675305105E+02   0.23629315549541E+03  0.d0 0.d0 0.d0
clo579  ep = 2459000.500000
 0.10012479560268E+01   0.10330135248251E+00   0.77853282308461E+01   0.30618787894374E+03   0.66155677820116E+02   0.23629309622342E+03  0.d0 0.d0 0.d0
clo580  ep = 2459000.500000
 0.10012479576109E+01   0.10330130474457E+00   0.77853220909355E+01   0.30618784956209E+03   0.66155685695414E+02   0.23629311928075E+03  0.d0 0.d0 0.d0
clo581  ep = 2459000.500000
 0.10012479584899E+01   0.10330164078388E+00   0.77853488096005E+01   0.30618784693431E+03   0.66155658872614E+02   0.23629315708468E+03  0.d0 0.d0 0.d0
clo582  ep = 2459000.500000
 0.10012479555974E+01   0.10330152675243E+00   0.77853381402026E+01   0.30618785320301E+03   0.66155684622207E+02   0.23629312150047E+03  0.d0 0.d0 0.d0
clo583  ep = 2459000.500000
 0.10012479541917E+01   0.10330143027327E+00   0.77853297674618E+01   0.30618787607905E+03   0.66155685353666E+02   0.23629309348118E+03  0.d0 0.d0 0.d0
clo584  ep = 2459000.500000
 0.10012479541103E+01   0.10330122941130E+00   0.77853184559129E+01   0.30618788701804E+03   0.66155688618007E+02   0.23629307634321E+03  0.d0 0.d0 0.d0
clo585  ep = 2459000.500000
 0.10012479556765E+01   0.10330157297318E+00   0.77853392061453E+01   0.30618786158069E+03   0.66155686421162E+02   0.23629310897488E+03  0.d0 0.d0 0.d0
clo586  ep = 2459000.500000
 0.10012479572061E+01   0.10330146001004E+00   0.77853314648959E+01   0.30618785892527E+03   0.66155678658035E+02   0.23629311803203E+03  0.d0 0.d0 0.d0
clo587  ep = 2459000.500000
 0.10012479552683E+01   0.10330136911365E+00   0.77853258194515E+01   0.30618787809276E+03   0.66155687507828E+02   0.23629308706662E+03  0.d0 0.d0 0.d0
clo588  ep = 2459000.500000
 0.10012479545551E+01   0.10330115743107E+00   0.77853135614498E+01   0.30618788786235E+03   0.66155680824339E+02   0.23629308169482E+03  0.d0 0.d0 0.d0
clo589  ep = 2459000.500000
 0.10012479547716E+01   0.10330115786210E+00   0.77853117329327E+01   0.30618785310008E+03   0.66155696462386E+02   0.23629310738190E+03  0.d0 0.d0 0.d0
clo590  ep = 2459000.500000
 0.10012479599162E+01   0.10330133520356E+00   0.77853252371114E+01   0.30618782085811E+03   0.66155684883943E+02   0.23629315266157E+03  0.d0 0.d0 0.d0
clo591  ep = 2459000.500000
 0.10012479561899E+01   0.10330144704742E+00   0.77853309802028E+01   0.30618785652098E+03   0.66155683447025E+02   0.23629311678762E+03  0.d0 0.d0 0.d0
clo592  ep = 2459000.500000
 0.10012479565535E+01   0.10330148642009E+00   0.77853345004418E+01   0.30618785241300E+03   0.66155685555248E+02   0.23629311872424E+03  0.d0 0.d0 0.d0
clo593  ep = 2459000.500000
 0.10012479575540E+01   0.10330157020047E+00   0.77853416722571E+01   0.30618784655045E+03   0.66155666538390E+02   0.23629314985656E+03  0.d0 0.d0 0.d0
clo594  ep = 2459000.500000
 0.10012479572328E+01   0.10330137604879E+00   0.77853245839273E+01   0.30618785304313E+03   0.66155692834160E+02   0.23629310768037E+03  0.d0 0.d0 0.d0
clo595  ep = 2459000.500000
 0.10012479566877E+01   0.10330150108828E+00   0.77853328648614E+01   0.30618782875667E+03   0.66155694578993E+02   0.23629313917349E+03  0.d0 0.d0 0.d0
clo596  ep = 2459000.500000
 0.10012479566102E+01   0.10330154056416E+00   0.77853410318551E+01   0.30618785922466E+03   0.66155662620505E+02   0.23629313997245E+03  0.d0 0.d0 0.d0
clo597  ep = 2459000.500000
 0.10012479574319E+01   0.10330157820403E+00   0.77853388030283E+01   0.30618784773037E+03   0.66155683935610E+02   0.23629312614137E+03  0.d0 0.d0 0.d0
clo598  ep = 2459000.500000
 0.10012479572498E+01   0.10330135328896E+00   0.77853261884804E+01   0.30618786548608E+03   0.66155684279860E+02   0.23629310327921E+03  0.d0 0.d0 0.d0
clo599  ep = 2459000.500000
 0.10012479557929E+01   0.10330136493098E+00   0.77853268282268E+01   0.30618787767246E+03   0.66155680222546E+02   0.23629309530225E+03  0.d0 0.d0 0.d0
