)O+_06 Small-body initial data  (WARNING: Do not delete this line!!)
) Lines beginning with `)\` are ignored.
)---------------------------------------------------------------------
 style (Cartesian, Asteroidal, Cometary) = Asteroidal
)--------------------------------------------d or D is not matter--0d0 is possible too--
clo750  ep = 2459000.500000
 0.10012479535621E+01   0.10330138439076E+00   0.77853282074465E+01   0.30618789353022E+03   0.66155691455736E+02   0.23629306532790E+03  0.d0 0.d0 0.d0
clo751  ep = 2459000.500000
 0.10012479550584E+01   0.10330134252688E+00   0.77853250797478E+01   0.30618784696133E+03   0.66155692866726E+02   0.23629311918131E+03  0.d0 0.d0 0.d0
clo752  ep = 2459000.500000
 0.10012479572735E+01   0.10330138294271E+00   0.77853282284173E+01   0.30618785090845E+03   0.66155687499295E+02   0.23629311755104E+03  0.d0 0.d0 0.d0
clo753  ep = 2459000.500000
 0.10012479551914E+01   0.10330117440550E+00   0.77853105620783E+01   0.30618782674473E+03   0.66155702070204E+02   0.23629313264213E+03  0.d0 0.d0 0.d0
clo754  ep = 2459000.500000
 0.10012479570915E+01   0.10330146811175E+00   0.77853310617657E+01   0.30618784689268E+03   0.66155685504178E+02   0.23629312605859E+03  0.d0 0.d0 0.d0
clo755  ep = 2459000.500000
 0.10012479534917E+01   0.10330136538674E+00   0.77853286347465E+01   0.30618791504941E+03   0.66155669682808E+02   0.23629306587918E+03  0.d0 0.d0 0.d0
clo756  ep = 2459000.500000
 0.10012479581582E+01   0.10330156731959E+00   0.77853416938634E+01   0.30618786600903E+03   0.66155655533641E+02   0.23629313616560E+03  0.d0 0.d0 0.d0
clo757  ep = 2459000.500000
 0.10012479580713E+01   0.10330159368766E+00   0.77853414808307E+01   0.30618785558701E+03   0.66155680543504E+02   0.23629311900347E+03  0.d0 0.d0 0.d0
clo758  ep = 2459000.500000
 0.10012479527902E+01   0.10330126188584E+00   0.77853213205010E+01   0.30618790141735E+03   0.66155681777270E+02   0.23629306844458E+03  0.d0 0.d0 0.d0
clo759  ep = 2459000.500000
 0.10012479553102E+01   0.10330129501582E+00   0.77853205934968E+01   0.30618786558420E+03   0.66155697653583E+02   0.23629308805927E+03  0.d0 0.d0 0.d0
clo760  ep = 2459000.500000
 0.10012479569688E+01   0.10330141391792E+00   0.77853331822469E+01   0.30618785325376E+03   0.66155666950588E+02   0.23629314178323E+03  0.d0 0.d0 0.d0
clo761  ep = 2459000.500000
 0.10012479558095E+01   0.10330152912527E+00   0.77853358296076E+01   0.30618787970113E+03   0.66155673541990E+02   0.23629310147278E+03  0.d0 0.d0 0.d0
clo762  ep = 2459000.500000
 0.10012479555934E+01   0.10330119710001E+00   0.77853162587295E+01   0.30618785680737E+03   0.66155691828037E+02   0.23629310640103E+03  0.d0 0.d0 0.d0
clo763  ep = 2459000.500000
 0.10012479565719E+01   0.10330144883436E+00   0.77853316009551E+01   0.30618785863066E+03   0.66155690947358E+02   0.23629310375489E+03  0.d0 0.d0 0.d0
clo764  ep = 2459000.500000
 0.10012479548065E+01   0.10330142168661E+00   0.77853307538484E+01   0.30618785161233E+03   0.66155690052552E+02   0.23629311868553E+03  0.d0 0.d0 0.d0
clo765  ep = 2459000.500000
 0.10012479563268E+01   0.10330144239912E+00   0.77853322727680E+01   0.30618784791849E+03   0.66155678167585E+02   0.23629313517248E+03  0.d0 0.d0 0.d0
clo766  ep = 2459000.500000
 0.10012479520252E+01   0.10330142109406E+00   0.77853317544736E+01   0.30618791021788E+03   0.66155689655475E+02   0.23629304997886E+03  0.d0 0.d0 0.d0
clo767  ep = 2459000.500000
 0.10012479567870E+01   0.10330149729025E+00   0.77853374346628E+01   0.30618786603029E+03   0.66155675617311E+02   0.23629311591580E+03  0.d0 0.d0 0.d0
clo768  ep = 2459000.500000
 0.10012479557635E+01   0.10330125597017E+00   0.77853207528459E+01   0.30618785374211E+03   0.66155686742503E+02   0.23629311601024E+03  0.d0 0.d0 0.d0
clo769  ep = 2459000.500000
 0.10012479564342E+01   0.10330147245929E+00   0.77853348361294E+01   0.30618786443854E+03   0.66155669225055E+02   0.23629312595852E+03  0.d0 0.d0 0.d0
clo770  ep = 2459000.500000
 0.10012479531277E+01   0.10330127513596E+00   0.77853218178777E+01   0.30618787906230E+03   0.66155692234228E+02   0.23629308372746E+03  0.d0 0.d0 0.d0
clo771  ep = 2459000.500000
 0.10012479547974E+01   0.10330142359356E+00   0.77853305410164E+01   0.30618787399151E+03   0.66155687125350E+02   0.23629309410466E+03  0.d0 0.d0 0.d0
clo772  ep = 2459000.500000
 0.10012479574727E+01   0.10330134138946E+00   0.77853258178274E+01   0.30618787267963E+03   0.66155682872692E+02   0.23629309440131E+03  0.d0 0.d0 0.d0
clo773  ep = 2459000.500000
 0.10012479564596E+01   0.10330138021627E+00   0.77853276894806E+01   0.30618787701597E+03   0.66155683973929E+02   0.23629308956641E+03  0.d0 0.d0 0.d0
clo774  ep = 2459000.500000
 0.10012479542761E+01   0.10330138407302E+00   0.77853285977081E+01   0.30618788817879E+03   0.66155686315765E+02   0.23629307679199E+03  0.d0 0.d0 0.d0
clo775  ep = 2459000.500000
 0.10012479589717E+01   0.10330162595071E+00   0.77853479711263E+01   0.30618785344204E+03   0.66155660477391E+02   0.23629314643715E+03  0.d0 0.d0 0.d0
clo776  ep = 2459000.500000
 0.10012479573535E+01   0.10330141718230E+00   0.77853297710984E+01   0.30618785114284E+03   0.66155681541764E+02   0.23629312440328E+03  0.d0 0.d0 0.d0
clo777  ep = 2459000.500000
 0.10012479533035E+01   0.10330116562655E+00   0.77853129642553E+01   0.30618787840404E+03   0.66155702842570E+02   0.23629306832649E+03  0.d0 0.d0 0.d0
clo778  ep = 2459000.500000
 0.10012479568092E+01   0.10330128761307E+00   0.77853195052315E+01   0.30618783975279E+03   0.66155700471474E+02   0.23629311374584E+03  0.d0 0.d0 0.d0
clo779  ep = 2459000.500000
 0.10012479564000E+01   0.10330146657070E+00   0.77853332317636E+01   0.30618784040853E+03   0.66155684675208E+02   0.23629313627321E+03  0.d0 0.d0 0.d0
clo780  ep = 2459000.500000
 0.10012479585100E+01   0.10330142457661E+00   0.77853304411805E+01   0.30618782013168E+03   0.66155687543722E+02   0.23629315395608E+03  0.d0 0.d0 0.d0
clo781  ep = 2459000.500000
 0.10012479558434E+01   0.10330132814256E+00   0.77853233159296E+01   0.30618784618922E+03   0.66155693959211E+02   0.23629311616075E+03  0.d0 0.d0 0.d0
clo782  ep = 2459000.500000
 0.10012479552807E+01   0.10330110320114E+00   0.77853081669507E+01   0.30618787505794E+03   0.66155693240837E+02   0.23629308171465E+03  0.d0 0.d0 0.d0
clo783  ep = 2459000.500000
 0.10012479562979E+01   0.10330145178781E+00   0.77853316524292E+01   0.30618784718709E+03   0.66155677422179E+02   0.23629313826335E+03  0.d0 0.d0 0.d0
clo784  ep = 2459000.500000
 0.10012479576719E+01   0.10330151124511E+00   0.77853384770325E+01   0.30618785157134E+03   0.66155668114883E+02   0.23629314007379E+03  0.d0 0.d0 0.d0
clo785  ep = 2459000.500000
 0.10012479566025E+01   0.10330145916749E+00   0.77853320298815E+01   0.30618784344704E+03   0.66155683455626E+02   0.23629313187101E+03  0.d0 0.d0 0.d0
clo786  ep = 2459000.500000
 0.10012479547053E+01   0.10330144925454E+00   0.77853327862142E+01   0.30618787563901E+03   0.66155680269778E+02   0.23629309879842E+03  0.d0 0.d0 0.d0
clo787  ep = 2459000.500000
 0.10012479553318E+01   0.10330136800397E+00   0.77853251064684E+01   0.30618785189477E+03   0.66155703033683E+02   0.23629309948023E+03  0.d0 0.d0 0.d0
clo788  ep = 2459000.500000
 0.10012479565651E+01   0.10330130140203E+00   0.77853208472713E+01   0.30618783405354E+03   0.66155690924537E+02   0.23629313574588E+03  0.d0 0.d0 0.d0
clo789  ep = 2459000.500000
 0.10012479567958E+01   0.10330113718677E+00   0.77853132173492E+01   0.30618784808522E+03   0.66155685536225E+02   0.23629312244565E+03  0.d0 0.d0 0.d0
clo790  ep = 2459000.500000
 0.10012479553846E+01   0.10330139119628E+00   0.77853300059844E+01   0.30618787208956E+03   0.66155680412903E+02   0.23629310170081E+03  0.d0 0.d0 0.d0
clo791  ep = 2459000.500000
 0.10012479523951E+01   0.10330121945314E+00   0.77853158486264E+01   0.30618787241187E+03   0.66155698237285E+02   0.23629308445066E+03  0.d0 0.d0 0.d0
clo792  ep = 2459000.500000
 0.10012479563959E+01   0.10330127246268E+00   0.77853232948825E+01   0.30618786109949E+03   0.66155669966173E+02   0.23629312689792E+03  0.d0 0.d0 0.d0
clo793  ep = 2459000.500000
 0.10012479560722E+01   0.10330161020578E+00   0.77853419004862E+01   0.30618787858970E+03   0.66155674597697E+02   0.23629310244701E+03  0.d0 0.d0 0.d0
clo794  ep = 2459000.500000
 0.10012479590794E+01   0.10330170956557E+00   0.77853523188652E+01   0.30618783749879E+03   0.66155653730646E+02   0.23629317399067E+03  0.d0 0.d0 0.d0
clo795  ep = 2459000.500000
 0.10012479568464E+01   0.10330140359902E+00   0.77853299352321E+01   0.30618783283969E+03   0.66155679021032E+02   0.23629315148405E+03  0.d0 0.d0 0.d0
clo796  ep = 2459000.500000
 0.10012479578723E+01   0.10330141272111E+00   0.77853293448174E+01   0.30618784542418E+03   0.66155689086285E+02   0.23629312177419E+03  0.d0 0.d0 0.d0
clo797  ep = 2459000.500000
 0.10012479558006E+01   0.10330158830698E+00   0.77853423130283E+01   0.30618786673284E+03   0.66155677207213E+02   0.23629311466531E+03  0.d0 0.d0 0.d0
clo798  ep = 2459000.500000
 0.10012479556152E+01   0.10330135743280E+00   0.77853238457963E+01   0.30618785142944E+03   0.66155710618796E+02   0.23629308969075E+03  0.d0 0.d0 0.d0
clo799  ep = 2459000.500000
 0.10012479549921E+01   0.10330137105622E+00   0.77853275623583E+01   0.30618786740672E+03   0.66155685821967E+02   0.23629310395470E+03  0.d0 0.d0 0.d0
