)O+_06 Small-body initial data  (WARNING: Do not delete this line!!)
) Lines beginning with `)\` are ignored.
)---------------------------------------------------------------------
 style (Cartesian, Asteroidal, Cometary) = Asteroidal
)--------------------------------------------d or D is not matter--0d0 is possible too--
clo700  ep = 2459000.500000
 0.10012479574997E+01   0.10330155746129E+00   0.77853399437378E+01   0.30618784787255E+03   0.66155676342733E+02   0.23629313551354E+03  0.d0 0.d0 0.d0
clo701  ep = 2459000.500000
 0.10012479557517E+01   0.10330149519436E+00   0.77853377954991E+01   0.30618786515282E+03   0.66155673415626E+02   0.23629311995122E+03  0.d0 0.d0 0.d0
clo702  ep = 2459000.500000
 0.10012479567988E+01   0.10330145367463E+00   0.77853367915157E+01   0.30618788637881E+03   0.66155658786310E+02   0.23629310944212E+03  0.d0 0.d0 0.d0
clo703  ep = 2459000.500000
 0.10012479586692E+01   0.10330151396535E+00   0.77853361910529E+01   0.30618781296297E+03   0.66155672610731E+02   0.23629318083025E+03  0.d0 0.d0 0.d0
clo704  ep = 2459000.500000
 0.10012479577541E+01   0.10330125878075E+00   0.77853194874313E+01   0.30618785809715E+03   0.66155691074298E+02   0.23629310131730E+03  0.d0 0.d0 0.d0
clo705  ep = 2459000.500000
 0.10012479549272E+01   0.10330124396999E+00   0.77853184179049E+01   0.30618786262218E+03   0.66155685743560E+02   0.23629310849726E+03  0.d0 0.d0 0.d0
clo706  ep = 2459000.500000
 0.10012479587774E+01   0.10330159309072E+00   0.77853400267738E+01   0.30618782593863E+03   0.66155678534901E+02   0.23629315843040E+03  0.d0 0.d0 0.d0
clo707  ep = 2459000.500000
 0.10012479572056E+01   0.10330155679197E+00   0.77853386655822E+01   0.30618786842526E+03   0.66155671789555E+02   0.23629311610051E+03  0.d0 0.d0 0.d0
clo708  ep = 2459000.500000
 0.10012479548742E+01   0.10330160655362E+00   0.77853447943121E+01   0.30618789678177E+03   0.66155661251546E+02   0.23629309773129E+03  0.d0 0.d0 0.d0
clo709  ep = 2459000.500000
 0.10012479553394E+01   0.10330124323030E+00   0.77853168925120E+01   0.30618783725932E+03   0.66155693766298E+02   0.23629312899847E+03  0.d0 0.d0 0.d0
clo710  ep = 2459000.500000
 0.10012479544534E+01   0.10330120867419E+00   0.77853179646302E+01   0.30618786096421E+03   0.66155685451389E+02   0.23629311105840E+03  0.d0 0.d0 0.d0
clo711  ep = 2459000.500000
 0.10012479552883E+01   0.10330158129246E+00   0.77853434402939E+01   0.30618787127187E+03   0.66155671959715E+02   0.23629311615090E+03  0.d0 0.d0 0.d0
clo712  ep = 2459000.500000
 0.10012479568951E+01   0.10330125449637E+00   0.77853183046585E+01   0.30618785952665E+03   0.66155682731775E+02   0.23629311262741E+03  0.d0 0.d0 0.d0
clo713  ep = 2459000.500000
 0.10012479595547E+01   0.10330140140629E+00   0.77853278888905E+01   0.30618783350883E+03   0.66155685816689E+02   0.23629313718643E+03  0.d0 0.d0 0.d0
clo714  ep = 2459000.500000
 0.10012479545492E+01   0.10330140325787E+00   0.77853294203913E+01   0.30618787527989E+03   0.66155677216516E+02   0.23629310447955E+03  0.d0 0.d0 0.d0
clo715  ep = 2459000.500000
 0.10012479536853E+01   0.10330142362518E+00   0.77853319956383E+01   0.30618789994864E+03   0.66155675354143E+02   0.23629307780520E+03  0.d0 0.d0 0.d0
clo716  ep = 2459000.500000
 0.10012479556574E+01   0.10330131037665E+00   0.77853229391460E+01   0.30618785330456E+03   0.66155694076545E+02   0.23629310729099E+03  0.d0 0.d0 0.d0
clo717  ep = 2459000.500000
 0.10012479575644E+01   0.10330146356894E+00   0.77853342396358E+01   0.30618781490953E+03   0.66155680436591E+02   0.23629317248584E+03  0.d0 0.d0 0.d0
clo718  ep = 2459000.500000
 0.10012479529903E+01   0.10330115833741E+00   0.77853113425533E+01   0.30618787585764E+03   0.66155702378489E+02   0.23629307274233E+03  0.d0 0.d0 0.d0
clo719  ep = 2459000.500000
 0.10012479550709E+01   0.10330133990745E+00   0.77853239706605E+01   0.30618786939786E+03   0.66155690695635E+02   0.23629309368113E+03  0.d0 0.d0 0.d0
clo720  ep = 2459000.500000
 0.10012479559334E+01   0.10330148345628E+00   0.77853346090740E+01   0.30618785458462E+03   0.66155684523346E+02   0.23629311952746E+03  0.d0 0.d0 0.d0
clo721  ep = 2459000.500000
 0.10012479566488E+01   0.10330156431350E+00   0.77853411290040E+01   0.30618786401218E+03   0.66155668344950E+02   0.23629312722014E+03  0.d0 0.d0 0.d0
clo722  ep = 2459000.500000
 0.10012479557327E+01   0.10330132014809E+00   0.77853234738975E+01   0.30618783902273E+03   0.66155682140699E+02   0.23629314192158E+03  0.d0 0.d0 0.d0
clo723  ep = 2459000.500000
 0.10012479572276E+01   0.10330141093201E+00   0.77853272969858E+01   0.30618783378196E+03   0.66155688023136E+02   0.23629313926142E+03  0.d0 0.d0 0.d0
clo724  ep = 2459000.500000
 0.10012479552843E+01   0.10330137698737E+00   0.77853258369154E+01   0.30618786168481E+03   0.66155694749114E+02   0.23629309658988E+03  0.d0 0.d0 0.d0
clo725  ep = 2459000.500000
 0.10012479567809E+01   0.10330141891561E+00   0.77853303271557E+01   0.30618786364328E+03   0.66155681104711E+02   0.23629311070484E+03  0.d0 0.d0 0.d0
clo726  ep = 2459000.500000
 0.10012479535543E+01   0.10330141744490E+00   0.77853280615406E+01   0.30618786472056E+03   0.66155683105098E+02   0.23629311277222E+03  0.d0 0.d0 0.d0
clo727  ep = 2459000.500000
 0.10012479535715E+01   0.10330136067752E+00   0.77853276707473E+01   0.30618791085976E+03   0.66155684089378E+02   0.23629305140551E+03  0.d0 0.d0 0.d0
clo728  ep = 2459000.500000
 0.10012479555271E+01   0.10330144941429E+00   0.77853308009539E+01   0.30618787754682E+03   0.66155687611580E+02   0.23629308635706E+03  0.d0 0.d0 0.d0
clo729  ep = 2459000.500000
 0.10012479588897E+01   0.10330157260389E+00   0.77853414598366E+01   0.30618784097758E+03   0.66155675490909E+02   0.23629314278816E+03  0.d0 0.d0 0.d0
clo730  ep = 2459000.500000
 0.10012479534281E+01   0.10330138850620E+00   0.77853248484091E+01   0.30618784374823E+03   0.66155706153658E+02   0.23629310949702E+03  0.d0 0.d0 0.d0
clo731  ep = 2459000.500000
 0.10012479551139E+01   0.10330142249345E+00   0.77853282775584E+01   0.30618786478475E+03   0.66155682474565E+02   0.23629311251251E+03  0.d0 0.d0 0.d0
clo732  ep = 2459000.500000
 0.10012479541347E+01   0.10330126564201E+00   0.77853207932794E+01   0.30618787142810E+03   0.66155684655915E+02   0.23629309953960E+03  0.d0 0.d0 0.d0
clo733  ep = 2459000.500000
 0.10012479536189E+01   0.10330121027690E+00   0.77853168412173E+01   0.30618788879114E+03   0.66155695451248E+02   0.23629306580896E+03  0.d0 0.d0 0.d0
clo734  ep = 2459000.500000
 0.10012479553840E+01   0.10330149230958E+00   0.77853388846023E+01   0.30618787292402E+03   0.66155674347548E+02   0.23629310947788E+03  0.d0 0.d0 0.d0
clo735  ep = 2459000.500000
 0.10012479551608E+01   0.10330134746826E+00   0.77853269232477E+01   0.30618788026166E+03   0.66155683284131E+02   0.23629308882358E+03  0.d0 0.d0 0.d0
clo736  ep = 2459000.500000
 0.10012479577374E+01   0.10330144978353E+00   0.77853358838611E+01   0.30618786382778E+03   0.66155673003255E+02   0.23629311811269E+03  0.d0 0.d0 0.d0
clo737  ep = 2459000.500000
 0.10012479552331E+01   0.10330141021400E+00   0.77853303264056E+01   0.30618785551074E+03   0.66155683159964E+02   0.23629312071354E+03  0.d0 0.d0 0.d0
clo738  ep = 2459000.500000
 0.10012479545981E+01   0.10330130392268E+00   0.77853226527821E+01   0.30618787662184E+03   0.66155678084476E+02   0.23629310057048E+03  0.d0 0.d0 0.d0
clo739  ep = 2459000.500000
 0.10012479578794E+01   0.10330130024165E+00   0.77853197351128E+01   0.30618782699100E+03   0.66155696386592E+02   0.23629313517124E+03  0.d0 0.d0 0.d0
clo740  ep = 2459000.500000
 0.10012479571030E+01   0.10330164304400E+00   0.77853454947684E+01   0.30618785001645E+03   0.66155678584534E+02   0.23629313145723E+03  0.d0 0.d0 0.d0
clo741  ep = 2459000.500000
 0.10012479575394E+01   0.10330148496329E+00   0.77853360651802E+01   0.30618784410851E+03   0.66155675259236E+02   0.23629314114592E+03  0.d0 0.d0 0.d0
clo742  ep = 2459000.500000
 0.10012479576520E+01   0.10330156519436E+00   0.77853439712230E+01   0.30618785800150E+03   0.66155651821295E+02   0.23629315482793E+03  0.d0 0.d0 0.d0
clo743  ep = 2459000.500000
 0.10012479561448E+01   0.10330147273758E+00   0.77853333003021E+01   0.30618784639566E+03   0.66155674925908E+02   0.23629314222173E+03  0.d0 0.d0 0.d0
clo744  ep = 2459000.500000
 0.10012479554131E+01   0.10330142702780E+00   0.77853306850795E+01   0.30618790163535E+03   0.66155687242678E+02   0.23629305707748E+03  0.d0 0.d0 0.d0
clo745  ep = 2459000.500000
 0.10012479574833E+01   0.10330154217236E+00   0.77853379191058E+01   0.30618785721757E+03   0.66155682305828E+02   0.23629311686684E+03  0.d0 0.d0 0.d0
clo746  ep = 2459000.500000
 0.10012479539953E+01   0.10330120005719E+00   0.77853142598167E+01   0.30618785606213E+03   0.66155701347457E+02   0.23629309910563E+03  0.d0 0.d0 0.d0
clo747  ep = 2459000.500000
 0.10012479576149E+01   0.10330151418367E+00   0.77853402238381E+01   0.30618786152242E+03   0.66155666504577E+02   0.23629312985932E+03  0.d0 0.d0 0.d0
clo748  ep = 2459000.500000
 0.10012479561002E+01   0.10330131153578E+00   0.77853214183908E+01   0.30618785585144E+03   0.66155680625911E+02   0.23629312189639E+03  0.d0 0.d0 0.d0
clo749  ep = 2459000.500000
 0.10012479551841E+01   0.10330138313374E+00   0.77853294887742E+01   0.30618786561173E+03   0.66155681498725E+02   0.23629311069835E+03  0.d0 0.d0 0.d0
