)O+_06 Small-body initial data  (WARNING: Do not delete this line!!)
) Lines beginning with `)\` are ignored.
)---------------------------------------------------------------------
 style (Cartesian, Asteroidal, Cometary) = Asteroidal
)--------------------------------------------d or D is not matter--0d0 is possible too--
clo300  ep = 2459000.500000
 0.10012479550811E+01   0.10330138087416E+00   0.77853302109388E+01   0.30618789608689E+03   0.66155680460352E+02   0.23629307177013E+03  0.d0 0.d0 0.d0
clo301  ep = 2459000.500000
 0.10012479559744E+01   0.10330133163625E+00   0.77853271339297E+01   0.30618787851173E+03   0.66155673021860E+02   0.23629310210694E+03  0.d0 0.d0 0.d0
clo302  ep = 2459000.500000
 0.10012479572627E+01   0.10330164677383E+00   0.77853476238131E+01   0.30618787404991E+03   0.66155653866385E+02   0.23629313230426E+03  0.d0 0.d0 0.d0
clo303  ep = 2459000.500000
 0.10012479572088E+01   0.10330132954034E+00   0.77853265420790E+01   0.30618786997550E+03   0.66155668333748E+02   0.23629311693384E+03  0.d0 0.d0 0.d0
clo304  ep = 2459000.500000
 0.10012479558003E+01   0.10330133449645E+00   0.77853225176798E+01   0.30618785227539E+03   0.66155698232811E+02   0.23629310587380E+03  0.d0 0.d0 0.d0
clo305  ep = 2459000.500000
 0.10012479570458E+01   0.10330146939382E+00   0.77853316409065E+01   0.30618786419791E+03   0.66155684451064E+02   0.23629310589453E+03  0.d0 0.d0 0.d0
clo306  ep = 2459000.500000
 0.10012479557123E+01   0.10330145547016E+00   0.77853350819282E+01   0.30618789134883E+03   0.66155673779979E+02   0.23629308707279E+03  0.d0 0.d0 0.d0
clo307  ep = 2459000.500000
 0.10012479542590E+01   0.10330132173195E+00   0.77853259048219E+01   0.30618787257660E+03   0.66155678829961E+02   0.23629310738253E+03  0.d0 0.d0 0.d0
clo308  ep = 2459000.500000
 0.10012479573225E+01   0.10330115587329E+00   0.77853123735769E+01   0.30618783861686E+03   0.66155698636556E+02   0.23629311799111E+03  0.d0 0.d0 0.d0
clo309  ep = 2459000.500000
 0.10012479534893E+01   0.10330138935398E+00   0.77853271234277E+01   0.30618787768298E+03   0.66155688638910E+02   0.23629309084255E+03  0.d0 0.d0 0.d0
clo310  ep = 2459000.500000
 0.10012479550730E+01   0.10330131170837E+00   0.77853251589574E+01   0.30618786690919E+03   0.66155678238885E+02   0.23629311255651E+03  0.d0 0.d0 0.d0
clo311  ep = 2459000.500000
 0.10012479531353E+01   0.10330137921025E+00   0.77853295694466E+01   0.30618790587379E+03   0.66155673023697E+02   0.23629307466481E+03  0.d0 0.d0 0.d0
clo312  ep = 2459000.500000
 0.10012479561093E+01   0.10330142646357E+00   0.77853298144283E+01   0.30618787208924E+03   0.66155688534704E+02   0.23629309090641E+03  0.d0 0.d0 0.d0
clo313  ep = 2459000.500000
 0.10012479587464E+01   0.10330161590185E+00   0.77853446707813E+01   0.30618785123305E+03   0.66155664690276E+02   0.23629314460163E+03  0.d0 0.d0 0.d0
clo314  ep = 2459000.500000
 0.10012479563029E+01   0.10330143199194E+00   0.77853297619839E+01   0.30618786877146E+03   0.66155690128982E+02   0.23629309243037E+03  0.d0 0.d0 0.d0
clo315  ep = 2459000.500000
 0.10012479583044E+01   0.10330161775534E+00   0.77853442206928E+01   0.30618785905611E+03   0.66155667566464E+02   0.23629313149225E+03  0.d0 0.d0 0.d0
clo316  ep = 2459000.500000
 0.10012479558587E+01   0.10330143149661E+00   0.77853303011767E+01   0.30618784705833E+03   0.66155677912444E+02   0.23629313594469E+03  0.d0 0.d0 0.d0
clo317  ep = 2459000.500000
 0.10012479554862E+01   0.10330135421424E+00   0.77853271619263E+01   0.30618784794338E+03   0.66155684743678E+02   0.23629312796589E+03  0.d0 0.d0 0.d0
clo318  ep = 2459000.500000
 0.10012479549847E+01   0.10330136739426E+00   0.77853263632092E+01   0.30618789711638E+03   0.66155686028981E+02   0.23629306447093E+03  0.d0 0.d0 0.d0
clo319  ep = 2459000.500000
 0.10012479572484E+01   0.10330161002456E+00   0.77853409630380E+01   0.30618784865449E+03   0.66155686318475E+02   0.23629312130054E+03  0.d0 0.d0 0.d0
clo320  ep = 2459000.500000
 0.10012479550439E+01   0.10330141510280E+00   0.77853313332912E+01   0.30618786269497E+03   0.66155674950374E+02   0.23629312301875E+03  0.d0 0.d0 0.d0
clo321  ep = 2459000.500000
 0.10012479557134E+01   0.10330140067634E+00   0.77853306892074E+01   0.30618785583442E+03   0.66155671053303E+02   0.23629313381334E+03  0.d0 0.d0 0.d0
clo322  ep = 2459000.500000
 0.10012479552574E+01   0.10330151445209E+00   0.77853382104917E+01   0.30618786043779E+03   0.66155665021567E+02   0.23629313772259E+03  0.d0 0.d0 0.d0
clo323  ep = 2459000.500000
 0.10012479584777E+01   0.10330152787385E+00   0.77853390850276E+01   0.30618783605239E+03   0.66155675668142E+02   0.23629314837744E+03  0.d0 0.d0 0.d0
clo324  ep = 2459000.500000
 0.10012479544056E+01   0.10330155223273E+00   0.77853384814507E+01   0.30618787980245E+03   0.66155685879316E+02   0.23629308934499E+03  0.d0 0.d0 0.d0
clo325  ep = 2459000.500000
 0.10012479548168E+01   0.10330125467048E+00   0.77853164322551E+01   0.30618787589901E+03   0.66155696852094E+02   0.23629307804525E+03  0.d0 0.d0 0.d0
clo326  ep = 2459000.500000
 0.10012479558379E+01   0.10330136371373E+00   0.77853257437721E+01   0.30618785976139E+03   0.66155682126295E+02   0.23629311493391E+03  0.d0 0.d0 0.d0
clo327  ep = 2459000.500000
 0.10012479546041E+01   0.10330144204330E+00   0.77853329308633E+01   0.30618787894639E+03   0.66155682679451E+02   0.23629309222920E+03  0.d0 0.d0 0.d0
clo328  ep = 2459000.500000
 0.10012479580168E+01   0.10330123827290E+00   0.77853195060036E+01   0.30618786498063E+03   0.66155681516069E+02   0.23629310513853E+03  0.d0 0.d0 0.d0
clo329  ep = 2459000.500000
 0.10012479522704E+01   0.10330112796575E+00   0.77853077695408E+01   0.30618786652159E+03   0.66155711908025E+02   0.23629307534282E+03  0.d0 0.d0 0.d0
clo330  ep = 2459000.500000
 0.10012479553663E+01   0.10330140435616E+00   0.77853281943276E+01   0.30618785795475E+03   0.66155685157237E+02   0.23629311405252E+03  0.d0 0.d0 0.d0
clo331  ep = 2459000.500000
 0.10012479561083E+01   0.10330135440729E+00   0.77853214986541E+01   0.30618782866692E+03   0.66155698835726E+02   0.23629313381592E+03  0.d0 0.d0 0.d0
clo332  ep = 2459000.500000
 0.10012479587532E+01   0.10330154120533E+00   0.77853393191446E+01   0.30618781898284E+03   0.66155676676418E+02   0.23629316894304E+03  0.d0 0.d0 0.d0
clo333  ep = 2459000.500000
 0.10012479555922E+01   0.10330120035235E+00   0.77853156440092E+01   0.30618784353982E+03   0.66155693860308E+02   0.23629312062477E+03  0.d0 0.d0 0.d0
clo334  ep = 2459000.500000
 0.10012479546214E+01   0.10330126876879E+00   0.77853196853119E+01   0.30618785167440E+03   0.66155688013220E+02   0.23629312074573E+03  0.d0 0.d0 0.d0
clo335  ep = 2459000.500000
 0.10012479555229E+01   0.10330134706353E+00   0.77853254297205E+01   0.30618786151349E+03   0.66155694852415E+02   0.23629309830844E+03  0.d0 0.d0 0.d0
clo336  ep = 2459000.500000
 0.10012479544130E+01   0.10330113913213E+00   0.77853114191825E+01   0.30618788566112E+03   0.66155685602873E+02   0.23629307952212E+03  0.d0 0.d0 0.d0
clo337  ep = 2459000.500000
 0.10012479576795E+01   0.10330141733276E+00   0.77853309291763E+01   0.30618783947361E+03   0.66155678613135E+02   0.23629314121015E+03  0.d0 0.d0 0.d0
clo338  ep = 2459000.500000
 0.10012479546977E+01   0.10330133359022E+00   0.77853229270209E+01   0.30618784034174E+03   0.66155697152451E+02   0.23629312424043E+03  0.d0 0.d0 0.d0
clo339  ep = 2459000.500000
 0.10012479545189E+01   0.10330117319159E+00   0.77853131454001E+01   0.30618785779757E+03   0.66155690113568E+02   0.23629310920224E+03  0.d0 0.d0 0.d0
clo340  ep = 2459000.500000
 0.10012479555152E+01   0.10330146793901E+00   0.77853352800001E+01   0.30618787569255E+03   0.66155671857392E+02   0.23629310988587E+03  0.d0 0.d0 0.d0
clo341  ep = 2459000.500000
 0.10012479541124E+01   0.10330122663006E+00   0.77853173235378E+01   0.30618786364444E+03   0.66155697766656E+02   0.23629309319696E+03  0.d0 0.d0 0.d0
clo342  ep = 2459000.500000
 0.10012479588634E+01   0.10330144466039E+00   0.77853319091363E+01   0.30618783305064E+03   0.66155680509909E+02   0.23629314538053E+03  0.d0 0.d0 0.d0
clo343  ep = 2459000.500000
 0.10012479547261E+01   0.10330130541663E+00   0.77853248704152E+01   0.30618787081649E+03   0.66155675463520E+02   0.23629311052835E+03  0.d0 0.d0 0.d0
clo344  ep = 2459000.500000
 0.10012479552231E+01   0.10330136277125E+00   0.77853253959343E+01   0.30618784138161E+03   0.66155693791972E+02   0.23629312523696E+03  0.d0 0.d0 0.d0
clo345  ep = 2459000.500000
 0.10012479550680E+01   0.10330131885017E+00   0.77853211708130E+01   0.30618786513198E+03   0.66155693045887E+02   0.23629309442918E+03  0.d0 0.d0 0.d0
clo346  ep = 2459000.500000
 0.10012479556753E+01   0.10330134117184E+00   0.77853241744712E+01   0.30618785580002E+03   0.66155691939797E+02   0.23629310759542E+03  0.d0 0.d0 0.d0
clo347  ep = 2459000.500000
 0.10012479558794E+01   0.10330141252197E+00   0.77853306451851E+01   0.30618783316707E+03   0.66155667984215E+02   0.23629316613711E+03  0.d0 0.d0 0.d0
clo348  ep = 2459000.500000
 0.10012479577897E+01   0.10330137255385E+00   0.77853262029505E+01   0.30618786802644E+03   0.66155679628822E+02   0.23629310302950E+03  0.d0 0.d0 0.d0
clo349  ep = 2459000.500000
 0.10012479552760E+01   0.10330133636957E+00   0.77853255751356E+01   0.30618786431108E+03   0.66155680221704E+02   0.23629311189399E+03  0.d0 0.d0 0.d0
