)O+_06 Small-body initial data  (WARNING: Do not delete this line!!)
) Lines beginning with `)\` are ignored.
)---------------------------------------------------------------------
 style (Cartesian, Asteroidal, Cometary) = Asteroidal
)--------------------------------------------d or D is not matter--0d0 is possible too--
clo400  ep = 2459000.500000
 0.10012479566678E+01   0.10330142657752E+00   0.77853306865924E+01   0.30618786274980E+03   0.66155679830266E+02   0.23629311268379E+03  0.d0 0.d0 0.d0
clo401  ep = 2459000.500000
 0.10012479569959E+01   0.10330147772895E+00   0.77853315491722E+01   0.30618781703186E+03   0.66155690449487E+02   0.23629315789259E+03  0.d0 0.d0 0.d0
clo402  ep = 2459000.500000
 0.10012479557855E+01   0.10330142286776E+00   0.77853301236113E+01   0.30618785639456E+03   0.66155673634159E+02   0.23629313067655E+03  0.d0 0.d0 0.d0
clo403  ep = 2459000.500000
 0.10012479556163E+01   0.10330140024733E+00   0.77853304049864E+01   0.30618787138249E+03   0.66155675860194E+02   0.23629310867718E+03  0.d0 0.d0 0.d0
clo404  ep = 2459000.500000
 0.10012479567859E+01   0.10330140570972E+00   0.77853288291612E+01   0.30618783613216E+03   0.66155675880415E+02   0.23629315153861E+03  0.d0 0.d0 0.d0
clo405  ep = 2459000.500000
 0.10012479561789E+01   0.10330155785841E+00   0.77853400844239E+01   0.30618787926907E+03   0.66155664375061E+02   0.23629311345667E+03  0.d0 0.d0 0.d0
clo406  ep = 2459000.500000
 0.10012479547372E+01   0.10330140790653E+00   0.77853287410192E+01   0.30618789189626E+03   0.66155674297494E+02   0.23629308810100E+03  0.d0 0.d0 0.d0
clo407  ep = 2459000.500000
 0.10012479583366E+01   0.10330134546446E+00   0.77853228045103E+01   0.30618783801533E+03   0.66155694528282E+02   0.23629312364067E+03  0.d0 0.d0 0.d0
clo408  ep = 2459000.500000
 0.10012479585025E+01   0.10330131769977E+00   0.77853247839132E+01   0.30618784396353E+03   0.66155666137775E+02   0.23629314923237E+03  0.d0 0.d0 0.d0
clo409  ep = 2459000.500000
 0.10012479556092E+01   0.10330121005274E+00   0.77853147951244E+01   0.30618787015863E+03   0.66155695749041E+02   0.23629308434915E+03  0.d0 0.d0 0.d0
clo410  ep = 2459000.500000
 0.10012479551072E+01   0.10330128985994E+00   0.77853212333150E+01   0.30618785602832E+03   0.66155692991478E+02   0.23629310786458E+03  0.d0 0.d0 0.d0
clo411  ep = 2459000.500000
 0.10012479575481E+01   0.10330158465669E+00   0.77853416669832E+01   0.30618785196377E+03   0.66155674499034E+02   0.23629313326070E+03  0.d0 0.d0 0.d0
clo412  ep = 2459000.500000
 0.10012479572863E+01   0.10330120001414E+00   0.77853149449786E+01   0.30618784707195E+03   0.66155695212924E+02   0.23629311107622E+03  0.d0 0.d0 0.d0
clo413  ep = 2459000.500000
 0.10012479559265E+01   0.10330138442777E+00   0.77853308083409E+01   0.30618786913004E+03   0.66155670057381E+02   0.23629311880976E+03  0.d0 0.d0 0.d0
clo414  ep = 2459000.500000
 0.10012479552717E+01   0.10330124522118E+00   0.77853178552788E+01   0.30618785783550E+03   0.66155693858586E+02   0.23629310293877E+03  0.d0 0.d0 0.d0
clo415  ep = 2459000.500000
 0.10012479582994E+01   0.10330159535468E+00   0.77853418418111E+01   0.30618782840078E+03   0.66155674412758E+02   0.23629316098073E+03  0.d0 0.d0 0.d0
clo416  ep = 2459000.500000
 0.10012479538840E+01   0.10330120999848E+00   0.77853164948568E+01   0.30618785962444E+03   0.66155688899355E+02   0.23629311096176E+03  0.d0 0.d0 0.d0
clo417  ep = 2459000.500000
 0.10012479565136E+01   0.10330138023531E+00   0.77853259106475E+01   0.30618784956557E+03   0.66155699046916E+02   0.23629310351823E+03  0.d0 0.d0 0.d0
clo418  ep = 2459000.500000
 0.10012479583034E+01   0.10330158361946E+00   0.77853426982622E+01   0.30618786651238E+03   0.66155660550072E+02   0.23629313113682E+03  0.d0 0.d0 0.d0
clo419  ep = 2459000.500000
 0.10012479564370E+01   0.10330127403818E+00   0.77853217807978E+01   0.30618785668352E+03   0.66155689555967E+02   0.23629310854389E+03  0.d0 0.d0 0.d0
clo420  ep = 2459000.500000
 0.10012479561974E+01   0.10330143018680E+00   0.77853313273882E+01   0.30618786013095E+03   0.66155679827076E+02   0.23629311744556E+03  0.d0 0.d0 0.d0
clo421  ep = 2459000.500000
 0.10012479560115E+01   0.10330151051242E+00   0.77853360068061E+01   0.30618785867258E+03   0.66155687521330E+02   0.23629311156316E+03  0.d0 0.d0 0.d0
clo422  ep = 2459000.500000
 0.10012479539228E+01   0.10330130178357E+00   0.77853257752571E+01   0.30618788652534E+03   0.66155680747975E+02   0.23629308510235E+03  0.d0 0.d0 0.d0
clo423  ep = 2459000.500000
 0.10012479583773E+01   0.10330142734075E+00   0.77853320900035E+01   0.30618784413589E+03   0.66155674643635E+02   0.23629314118673E+03  0.d0 0.d0 0.d0
clo424  ep = 2459000.500000
 0.10012479560308E+01   0.10330143805754E+00   0.77853307587738E+01   0.30618786078733E+03   0.66155685878129E+02   0.23629310906357E+03  0.d0 0.d0 0.d0
clo425  ep = 2459000.500000
 0.10012479530124E+01   0.10330144162403E+00   0.77853312611609E+01   0.30618789765167E+03   0.66155679733924E+02   0.23629307459394E+03  0.d0 0.d0 0.d0
clo426  ep = 2459000.500000
 0.10012479550672E+01   0.10330126390924E+00   0.77853195501135E+01   0.30618785850040E+03   0.66155688547725E+02   0.23629311037822E+03  0.d0 0.d0 0.d0
clo427  ep = 2459000.500000
 0.10012479564179E+01   0.10330146126215E+00   0.77853316703654E+01   0.30618785689747E+03   0.66155683714303E+02   0.23629311644482E+03  0.d0 0.d0 0.d0
clo428  ep = 2459000.500000
 0.10012479545004E+01   0.10330111504446E+00   0.77853102295555E+01   0.30618787006150E+03   0.66155696579032E+02   0.23629308482758E+03  0.d0 0.d0 0.d0
clo429  ep = 2459000.500000
 0.10012479568067E+01   0.10330143316494E+00   0.77853346831368E+01   0.30618787298106E+03   0.66155664267050E+02   0.23629312062607E+03  0.d0 0.d0 0.d0
clo430  ep = 2459000.500000
 0.10012479549114E+01   0.10330136688065E+00   0.77853292923193E+01   0.30618786814985E+03   0.66155677730554E+02   0.23629311222228E+03  0.d0 0.d0 0.d0
clo431  ep = 2459000.500000
 0.10012479569021E+01   0.10330132160755E+00   0.77853280754788E+01   0.30618788443139E+03   0.66155670434614E+02   0.23629309702419E+03  0.d0 0.d0 0.d0
clo432  ep = 2459000.500000
 0.10012479536337E+01   0.10330125171664E+00   0.77853179664969E+01   0.30618785165111E+03   0.66155693154418E+02   0.23629311485244E+03  0.d0 0.d0 0.d0
clo433  ep = 2459000.500000
 0.10012479536907E+01   0.10330125762747E+00   0.77853202115431E+01   0.30618788688744E+03   0.66155691012232E+02   0.23629307191309E+03  0.d0 0.d0 0.d0
clo434  ep = 2459000.500000
 0.10012479549836E+01   0.10330142353815E+00   0.77853300798006E+01   0.30618787269590E+03   0.66155690085054E+02   0.23629309087955E+03  0.d0 0.d0 0.d0
clo435  ep = 2459000.500000
 0.10012479556537E+01   0.10330121726435E+00   0.77853147655565E+01   0.30618785880385E+03   0.66155699454038E+02   0.23629309388447E+03  0.d0 0.d0 0.d0
clo436  ep = 2459000.500000
 0.10012479568721E+01   0.10330144250561E+00   0.77853312040839E+01   0.30618784664905E+03   0.66155677033730E+02   0.23629313701998E+03  0.d0 0.d0 0.d0
clo437  ep = 2459000.500000
 0.10012479544534E+01   0.10330146555314E+00   0.77853334869464E+01   0.30618788370937E+03   0.66155683135206E+02   0.23629308570322E+03  0.d0 0.d0 0.d0
clo438  ep = 2459000.500000
 0.10012479547290E+01   0.10330145844633E+00   0.77853317601308E+01   0.30618786967660E+03   0.66155688717864E+02   0.23629309664379E+03  0.d0 0.d0 0.d0
clo439  ep = 2459000.500000
 0.10012479549513E+01   0.10330117711573E+00   0.77853142322645E+01   0.30618784830866E+03   0.66155690758480E+02   0.23629311981418E+03  0.d0 0.d0 0.d0
clo440  ep = 2459000.500000
 0.10012479569521E+01   0.10330139801681E+00   0.77853315441779E+01   0.30618787606039E+03   0.66155665372016E+02   0.23629311372464E+03  0.d0 0.d0 0.d0
clo441  ep = 2459000.500000
 0.10012479537161E+01   0.10330128948722E+00   0.77853214070283E+01   0.30618787664894E+03   0.66155688547659E+02   0.23629308947792E+03  0.d0 0.d0 0.d0
clo442  ep = 2459000.500000
 0.10012479582670E+01   0.10330152409353E+00   0.77853368730473E+01   0.30618783877222E+03   0.66155679771242E+02   0.23629314207786E+03  0.d0 0.d0 0.d0
clo443  ep = 2459000.500000
 0.10012479556243E+01   0.10330134752522E+00   0.77853269113443E+01   0.30618787172087E+03   0.66155670177698E+02   0.23629311743517E+03  0.d0 0.d0 0.d0
clo444  ep = 2459000.500000
 0.10012479572999E+01   0.10330123293408E+00   0.77853178908118E+01   0.30618783625691E+03   0.66155688731065E+02   0.23629313457088E+03  0.d0 0.d0 0.d0
clo445  ep = 2459000.500000
 0.10012479549901E+01   0.10330144613782E+00   0.77853302959996E+01   0.30618785292606E+03   0.66155686747312E+02   0.23629311912312E+03  0.d0 0.d0 0.d0
clo446  ep = 2459000.500000
 0.10012479578771E+01   0.10330145839473E+00   0.77853355711451E+01   0.30618785411468E+03   0.66155664111421E+02   0.23629314155870E+03  0.d0 0.d0 0.d0
clo447  ep = 2459000.500000
 0.10012479565146E+01   0.10330134471855E+00   0.77853245023386E+01   0.30618787893942E+03   0.66155692452061E+02   0.23629307721174E+03  0.d0 0.d0 0.d0
clo448  ep = 2459000.500000
 0.10012479577312E+01   0.10330142564895E+00   0.77853320358956E+01   0.30618784886333E+03   0.66155678671010E+02   0.23629313100668E+03  0.d0 0.d0 0.d0
clo449  ep = 2459000.500000
 0.10012479552185E+01   0.10330136848817E+00   0.77853279001421E+01   0.30618789365942E+03   0.66155675274804E+02   0.23629308265423E+03  0.d0 0.d0 0.d0
