)O+_06 Small-body initial data  (WARNING: Do not delete this line!!)
) Lines beginning with `)\` are ignored.
)---------------------------------------------------------------------
 style (Cartesian, Asteroidal, Cometary) = Asteroidal
)--------------------------------------------d or D is not matter--0d0 is possible too--
clo500  ep = 2459000.500000
 0.10012479578473E+01   0.10330143864612E+00   0.77853296379813E+01   0.30618784210564E+03   0.66155688232366E+02   0.23629312410331E+03  0.d0 0.d0 0.d0
clo501  ep = 2459000.500000
 0.10012479570029E+01   0.10330142069680E+00   0.77853299001126E+01   0.30618784225192E+03   0.66155677184265E+02   0.23629314317823E+03  0.d0 0.d0 0.d0
clo502  ep = 2459000.500000
 0.10012479568818E+01   0.10330147677137E+00   0.77853353624607E+01   0.30618785178743E+03   0.66155677763716E+02   0.23629312894370E+03  0.d0 0.d0 0.d0
clo503  ep = 2459000.500000
 0.10012479564098E+01   0.10330120475657E+00   0.77853153587984E+01   0.30618784376440E+03   0.66155702824028E+02   0.23629310716330E+03  0.d0 0.d0 0.d0
clo504  ep = 2459000.500000
 0.10012479558363E+01   0.10330145208268E+00   0.77853337203354E+01   0.30618784443926E+03   0.66155674793861E+02   0.23629314527256E+03  0.d0 0.d0 0.d0
clo505  ep = 2459000.500000
 0.10012479573105E+01   0.10330163127751E+00   0.77853454089811E+01   0.30618788725847E+03   0.66155667600028E+02   0.23629309762138E+03  0.d0 0.d0 0.d0
clo506  ep = 2459000.500000
 0.10012479532364E+01   0.10330144559649E+00   0.77853333329097E+01   0.30618789491359E+03   0.66155674449195E+02   0.23629308567597E+03  0.d0 0.d0 0.d0
clo507  ep = 2459000.500000
 0.10012479553053E+01   0.10330132754957E+00   0.77853238893801E+01   0.30618785752479E+03   0.66155685568095E+02   0.23629311539139E+03  0.d0 0.d0 0.d0
clo508  ep = 2459000.500000
 0.10012479530813E+01   0.10330122626903E+00   0.77853180023411E+01   0.30618787028074E+03   0.66155688611599E+02   0.23629309740040E+03  0.d0 0.d0 0.d0
clo509  ep = 2459000.500000
 0.10012479548324E+01   0.10330152049767E+00   0.77853374914229E+01   0.30618789274052E+03   0.66155675741672E+02   0.23629308364599E+03  0.d0 0.d0 0.d0
clo510  ep = 2459000.500000
 0.10012479540461E+01   0.10330124641557E+00   0.77853190809889E+01   0.30618787268067E+03   0.66155683208514E+02   0.23629310182671E+03  0.d0 0.d0 0.d0
clo511  ep = 2459000.500000
 0.10012479552897E+01   0.10330150838176E+00   0.77853358877122E+01   0.30618786806456E+03   0.66155679211363E+02   0.23629310863754E+03  0.d0 0.d0 0.d0
clo512  ep = 2459000.500000
 0.10012479533878E+01   0.10330114855791E+00   0.77853125192581E+01   0.30618787328503E+03   0.66155695283065E+02   0.23629308557366E+03  0.d0 0.d0 0.d0
clo513  ep = 2459000.500000
 0.10012479563915E+01   0.10330139755437E+00   0.77853282074154E+01   0.30618787447279E+03   0.66155680238988E+02   0.23629309831542E+03  0.d0 0.d0 0.d0
clo514  ep = 2459000.500000
 0.10012479560288E+01   0.10330156933084E+00   0.77853412596300E+01   0.30618784200390E+03   0.66155676305415E+02   0.23629314675742E+03  0.d0 0.d0 0.d0
clo515  ep = 2459000.500000
 0.10012479538830E+01   0.10330139045362E+00   0.77853281115605E+01   0.30618788260726E+03   0.66155679534619E+02   0.23629309277570E+03  0.d0 0.d0 0.d0
clo516  ep = 2459000.500000
 0.10012479566656E+01   0.10330133458316E+00   0.77853263239904E+01   0.30618786309046E+03   0.66155689661230E+02   0.23629309961741E+03  0.d0 0.d0 0.d0
clo517  ep = 2459000.500000
 0.10012479552759E+01   0.10330127072711E+00   0.77853186669735E+01   0.30618785639795E+03   0.66155703181689E+02   0.23629309393258E+03  0.d0 0.d0 0.d0
clo518  ep = 2459000.500000
 0.10012479567949E+01   0.10330150798532E+00   0.77853371537542E+01   0.30618785693676E+03   0.66155681415141E+02   0.23629312002635E+03  0.d0 0.d0 0.d0
clo519  ep = 2459000.500000
 0.10012479562911E+01   0.10330144261387E+00   0.77853323864492E+01   0.30618785019219E+03   0.66155675857269E+02   0.23629313439631E+03  0.d0 0.d0 0.d0
clo520  ep = 2459000.500000
 0.10012479571518E+01   0.10330158020517E+00   0.77853416446013E+01   0.30618784563705E+03   0.66155678194961E+02   0.23629313720636E+03  0.d0 0.d0 0.d0
clo521  ep = 2459000.500000
 0.10012479560536E+01   0.10330143770260E+00   0.77853323571597E+01   0.30618787614621E+03   0.66155678441070E+02   0.23629309990442E+03  0.d0 0.d0 0.d0
clo522  ep = 2459000.500000
 0.10012479565868E+01   0.10330146605195E+00   0.77853324503787E+01   0.30618786744467E+03   0.66155691590398E+02   0.23629309298939E+03  0.d0 0.d0 0.d0
clo523  ep = 2459000.500000
 0.10012479551626E+01   0.10330152400170E+00   0.77853391241121E+01   0.30618787528947E+03   0.66155676976500E+02   0.23629310436899E+03  0.d0 0.d0 0.d0
clo524  ep = 2459000.500000
 0.10012479580210E+01   0.10330176674579E+00   0.77853524223731E+01   0.30618785772906E+03   0.66155670114320E+02   0.23629313183613E+03  0.d0 0.d0 0.d0
clo525  ep = 2459000.500000
 0.10012479553219E+01   0.10330133801280E+00   0.77853252581175E+01   0.30618788347017E+03   0.66155686476350E+02   0.23629308015040E+03  0.d0 0.d0 0.d0
clo526  ep = 2459000.500000
 0.10012479529852E+01   0.10330134706512E+00   0.77853277896406E+01   0.30618787527035E+03   0.66155676950422E+02   0.23629310768984E+03  0.d0 0.d0 0.d0
clo527  ep = 2459000.500000
 0.10012479557298E+01   0.10330128493588E+00   0.77853208069410E+01   0.30618785225183E+03   0.66155682173447E+02   0.23629312380972E+03  0.d0 0.d0 0.d0
clo528  ep = 2459000.500000
 0.10012479546229E+01   0.10330139616812E+00   0.77853293258228E+01   0.30618787565716E+03   0.66155682814450E+02   0.23629309751951E+03  0.d0 0.d0 0.d0
clo529  ep = 2459000.500000
 0.10012479555341E+01   0.10330155388994E+00   0.77853413683438E+01   0.30618786963598E+03   0.66155671376905E+02   0.23629311817444E+03  0.d0 0.d0 0.d0
clo530  ep = 2459000.500000
 0.10012479583181E+01   0.10330155582675E+00   0.77853405059263E+01   0.30618784788540E+03   0.66155670602468E+02   0.23629314147849E+03  0.d0 0.d0 0.d0
clo531  ep = 2459000.500000
 0.10012479588809E+01   0.10330144407307E+00   0.77853309053673E+01   0.30618781314856E+03   0.66155678890917E+02   0.23629317297499E+03  0.d0 0.d0 0.d0
clo532  ep = 2459000.500000
 0.10012479539630E+01   0.10330152934826E+00   0.77853371707991E+01   0.30618789063199E+03   0.66155668482176E+02   0.23629309789988E+03  0.d0 0.d0 0.d0
clo533  ep = 2459000.500000
 0.10012479545730E+01   0.10330134961583E+00   0.77853246331302E+01   0.30618787482058E+03   0.66155690595540E+02   0.23629308723661E+03  0.d0 0.d0 0.d0
clo534  ep = 2459000.500000
 0.10012479553412E+01   0.10330145055606E+00   0.77853345403344E+01   0.30618786819958E+03   0.66155669035161E+02   0.23629312127899E+03  0.d0 0.d0 0.d0
clo535  ep = 2459000.500000
 0.10012479551362E+01   0.10330132731875E+00   0.77853224806436E+01   0.30618784360702E+03   0.66155698199647E+02   0.23629311587947E+03  0.d0 0.d0 0.d0
clo536  ep = 2459000.500000
 0.10012479550591E+01   0.10330139560244E+00   0.77853292222033E+01   0.30618787132846E+03   0.66155681085578E+02   0.23629310430954E+03  0.d0 0.d0 0.d0
clo537  ep = 2459000.500000
 0.10012479577780E+01   0.10330150824792E+00   0.77853375055652E+01   0.30618784211901E+03   0.66155680774655E+02   0.23629313589797E+03  0.d0 0.d0 0.d0
clo538  ep = 2459000.500000
 0.10012479552261E+01   0.10330145392378E+00   0.77853344539635E+01   0.30618790043536E+03   0.66155671723074E+02   0.23629307873077E+03  0.d0 0.d0 0.d0
clo539  ep = 2459000.500000
 0.10012479553922E+01   0.10330140612043E+00   0.77853324338575E+01   0.30618786451171E+03   0.66155665523853E+02   0.23629313215362E+03  0.d0 0.d0 0.d0
clo540  ep = 2459000.500000
 0.10012479571269E+01   0.10330150786799E+00   0.77853363572037E+01   0.30618784210595E+03   0.66155680029358E+02   0.23629313777177E+03  0.d0 0.d0 0.d0
clo541  ep = 2459000.500000
 0.10012479565782E+01   0.10330138379422E+00   0.77853281090202E+01   0.30618787381504E+03   0.66155675302370E+02   0.23629310403786E+03  0.d0 0.d0 0.d0
clo542  ep = 2459000.500000
 0.10012479556435E+01   0.10330152858631E+00   0.77853393606210E+01   0.30618785715353E+03   0.66155673116937E+02   0.23629313114424E+03  0.d0 0.d0 0.d0
clo543  ep = 2459000.500000
 0.10012479532515E+01   0.10330127378265E+00   0.77853205417659E+01   0.30618787238048E+03   0.66155694593593E+02   0.23629308749284E+03  0.d0 0.d0 0.d0
clo544  ep = 2459000.500000
 0.10012479567585E+01   0.10330137738312E+00   0.77853286326129E+01   0.30618785295847E+03   0.66155674677195E+02   0.23629313123451E+03  0.d0 0.d0 0.d0
clo545  ep = 2459000.500000
 0.10012479569572E+01   0.10330159766369E+00   0.77853418857350E+01   0.30618783085365E+03   0.66155683142094E+02   0.23629314936935E+03  0.d0 0.d0 0.d0
clo546  ep = 2459000.500000
 0.10012479565075E+01   0.10330150217775E+00   0.77853361650055E+01   0.30618784488130E+03   0.66155677329809E+02   0.23629313889301E+03  0.d0 0.d0 0.d0
clo547  ep = 2459000.500000
 0.10012479530172E+01   0.10330125189090E+00   0.77853218023399E+01   0.30618790094378E+03   0.66155682252328E+02   0.23629306845549E+03  0.d0 0.d0 0.d0
clo548  ep = 2459000.500000
 0.10012479550926E+01   0.10330142701680E+00   0.77853320201753E+01   0.30618785905331E+03   0.66155681235154E+02   0.23629312037335E+03  0.d0 0.d0 0.d0
clo549  ep = 2459000.500000
 0.10012479547626E+01   0.10330122231413E+00   0.77853180559981E+01   0.30618786697054E+03   0.66155689622157E+02   0.23629309876587E+03  0.d0 0.d0 0.d0
