)O+_06 Small-body initial data  (WARNING: Do not delete this line!!)
) Lines beginning with `)\` are ignored.
)---------------------------------------------------------------------
 style (Cartesian, Asteroidal, Cometary) = Asteroidal
)--------------------------------------------d or D is not matter--0d0 is possible too--
clo850  ep = 2459000.500000
 0.10012479573969E+01   0.10330151384049E+00   0.77853360779186E+01   0.30618788601066E+03   0.66155675363825E+02   0.23629308841981E+03  0.d0 0.d0 0.d0
clo851  ep = 2459000.500000
 0.10012479562809E+01   0.10330161951577E+00   0.77853459748152E+01   0.30618787136557E+03   0.66155665641108E+02   0.23629312264057E+03  0.d0 0.d0 0.d0
clo852  ep = 2459000.500000
 0.10012479577867E+01   0.10330145741629E+00   0.77853320708293E+01   0.30618786613227E+03   0.66155674521679E+02   0.23629311284198E+03  0.d0 0.d0 0.d0
clo853  ep = 2459000.500000
 0.10012479572588E+01   0.10330154432402E+00   0.77853371637190E+01   0.30618784501859E+03   0.66155686379821E+02   0.23629312685818E+03  0.d0 0.d0 0.d0
clo854  ep = 2459000.500000
 0.10012479547515E+01   0.10330133977349E+00   0.77853255297501E+01   0.30618788254313E+03   0.66155689098661E+02   0.23629308070373E+03  0.d0 0.d0 0.d0
clo855  ep = 2459000.500000
 0.10012479556075E+01   0.10330157965400E+00   0.77853435189084E+01   0.30618785768171E+03   0.66155668900413E+02   0.23629313743311E+03  0.d0 0.d0 0.d0
clo856  ep = 2459000.500000
 0.10012479566564E+01   0.10330151795882E+00   0.77853363318238E+01   0.30618788072387E+03   0.66155685316124E+02   0.23629308521078E+03  0.d0 0.d0 0.d0
clo857  ep = 2459000.500000
 0.10012479545691E+01   0.10330135004829E+00   0.77853240854644E+01   0.30618786424718E+03   0.66155694047824E+02   0.23629309770871E+03  0.d0 0.d0 0.d0
clo858  ep = 2459000.500000
 0.10012479562980E+01   0.10330130742865E+00   0.77853220054702E+01   0.30618787264294E+03   0.66155687908263E+02   0.23629309085679E+03  0.d0 0.d0 0.d0
clo859  ep = 2459000.500000
 0.10012479579772E+01   0.10330170715006E+00   0.77853496864059E+01   0.30618788026168E+03   0.66155665899212E+02   0.23629310606542E+03  0.d0 0.d0 0.d0
clo860  ep = 2459000.500000
 0.10012479569974E+01   0.10330130658982E+00   0.77853200329660E+01   0.30618784011145E+03   0.66155689011021E+02   0.23629313008215E+03  0.d0 0.d0 0.d0
clo861  ep = 2459000.500000
 0.10012479568337E+01   0.10330139217288E+00   0.77853271379541E+01   0.30618783306954E+03   0.66155688513243E+02   0.23629313963300E+03  0.d0 0.d0 0.d0
clo862  ep = 2459000.500000
 0.10012479552319E+01   0.10330132424228E+00   0.77853228553425E+01   0.30618787191964E+03   0.66155690722150E+02   0.23629308983341E+03  0.d0 0.d0 0.d0
clo863  ep = 2459000.500000
 0.10012479546857E+01   0.10330124858008E+00   0.77853195666271E+01   0.30618787322930E+03   0.66155689990925E+02   0.23629308946404E+03  0.d0 0.d0 0.d0
clo864  ep = 2459000.500000
 0.10012479528671E+01   0.10330121380101E+00   0.77853153796818E+01   0.30618787980755E+03   0.66155700031500E+02   0.23629307350787E+03  0.d0 0.d0 0.d0
clo865  ep = 2459000.500000
 0.10012479572856E+01   0.10330165275413E+00   0.77853462115239E+01   0.30618787631313E+03   0.66155678181773E+02   0.23629309772754E+03  0.d0 0.d0 0.d0
clo866  ep = 2459000.500000
 0.10012479575407E+01   0.10330142081875E+00   0.77853296755679E+01   0.30618785284444E+03   0.66155676350882E+02   0.23629312916019E+03  0.d0 0.d0 0.d0
clo867  ep = 2459000.500000
 0.10012479511084E+01   0.10330119167651E+00   0.77853145652409E+01   0.30618788743438E+03   0.66155693393741E+02   0.23629307422234E+03  0.d0 0.d0 0.d0
clo868  ep = 2459000.500000
 0.10012479536208E+01   0.10330136159854E+00   0.77853254352071E+01   0.30618787464300E+03   0.66155684235663E+02   0.23629309710887E+03  0.d0 0.d0 0.d0
clo869  ep = 2459000.500000
 0.10012479550510E+01   0.10330137822141E+00   0.77853285779628E+01   0.30618787759036E+03   0.66155677786189E+02   0.23629310084854E+03  0.d0 0.d0 0.d0
clo870  ep = 2459000.500000
 0.10012479556163E+01   0.10330133597723E+00   0.77853254333783E+01   0.30618787088219E+03   0.66155675876335E+02   0.23629311009526E+03  0.d0 0.d0 0.d0
clo871  ep = 2459000.500000
 0.10012479572243E+01   0.10330145481355E+00   0.77853337919055E+01   0.30618785109205E+03   0.66155670648456E+02   0.23629313838332E+03  0.d0 0.d0 0.d0
clo872  ep = 2459000.500000
 0.10012479545056E+01   0.10330144689033E+00   0.77853316030215E+01   0.30618785931160E+03   0.66155683050285E+02   0.23629311812952E+03  0.d0 0.d0 0.d0
clo873  ep = 2459000.500000
 0.10012479509232E+01   0.10330112894282E+00   0.77853104798449E+01   0.30618789141255E+03   0.66155708342255E+02   0.23629305072436E+03  0.d0 0.d0 0.d0
clo874  ep = 2459000.500000
 0.10012479559974E+01   0.10330134727211E+00   0.77853275713375E+01   0.30618787088931E+03   0.66155665978991E+02   0.23629311940620E+03  0.d0 0.d0 0.d0
clo875  ep = 2459000.500000
 0.10012479573572E+01   0.10330145503250E+00   0.77853338321031E+01   0.30618785666616E+03   0.66155675417995E+02   0.23629312504098E+03  0.d0 0.d0 0.d0
clo876  ep = 2459000.500000
 0.10012479567339E+01   0.10330129503670E+00   0.77853220150450E+01   0.30618785021041E+03   0.66155684236575E+02   0.23629312235759E+03  0.d0 0.d0 0.d0
clo877  ep = 2459000.500000
 0.10012479554622E+01   0.10330134724227E+00   0.77853253100529E+01   0.30618783742148E+03   0.66155685820887E+02   0.23629313913156E+03  0.d0 0.d0 0.d0
clo878  ep = 2459000.500000
 0.10012479577691E+01   0.10330141410455E+00   0.77853314166475E+01   0.30618787348748E+03   0.66155668797362E+02   0.23629311159319E+03  0.d0 0.d0 0.d0
clo879  ep = 2459000.500000
 0.10012479567584E+01   0.10330143002305E+00   0.77853308553355E+01   0.30618784972618E+03   0.66155692727920E+02   0.23629311243379E+03  0.d0 0.d0 0.d0
clo880  ep = 2459000.500000
 0.10012479548551E+01   0.10330146150860E+00   0.77853358427110E+01   0.30618790160525E+03   0.66155671076959E+02   0.23629307748462E+03  0.d0 0.d0 0.d0
clo881  ep = 2459000.500000
 0.10012479557001E+01   0.10330155917950E+00   0.77853380571264E+01   0.30618788567723E+03   0.66155670143186E+02   0.23629310055381E+03  0.d0 0.d0 0.d0
clo882  ep = 2459000.500000
 0.10012479563421E+01   0.10330148307599E+00   0.77853369121763E+01   0.30618787747584E+03   0.66155664526673E+02   0.23629311401746E+03  0.d0 0.d0 0.d0
clo883  ep = 2459000.500000
 0.10012479572327E+01   0.10330148935715E+00   0.77853350714781E+01   0.30618783894064E+03   0.66155682519889E+02   0.23629313961108E+03  0.d0 0.d0 0.d0
clo884  ep = 2459000.500000
 0.10012479562347E+01   0.10330134347861E+00   0.77853260355070E+01   0.30618786108556E+03   0.66155685468242E+02   0.23629310887274E+03  0.d0 0.d0 0.d0
clo885  ep = 2459000.500000
 0.10012479528951E+01   0.10330130407582E+00   0.77853228089706E+01   0.30618785840437E+03   0.66155689182817E+02   0.23629311291954E+03  0.d0 0.d0 0.d0
clo886  ep = 2459000.500000
 0.10012479553718E+01   0.10330122850175E+00   0.77853168171200E+01   0.30618787285012E+03   0.66155695365455E+02   0.23629308266125E+03  0.d0 0.d0 0.d0
clo887  ep = 2459000.500000
 0.10012479543526E+01   0.10330128096643E+00   0.77853237738965E+01   0.30618787305541E+03   0.66155672107855E+02   0.23629311526017E+03  0.d0 0.d0 0.d0
clo888  ep = 2459000.500000
 0.10012479577952E+01   0.10330148052008E+00   0.77853326709418E+01   0.30618783328720E+03   0.66155694135376E+02   0.23629312971217E+03  0.d0 0.d0 0.d0
clo889  ep = 2459000.500000
 0.10012479541756E+01   0.10330114165500E+00   0.77853113839090E+01   0.30618787419633E+03   0.66155694350727E+02   0.23629308210515E+03  0.d0 0.d0 0.d0
clo890  ep = 2459000.500000
 0.10012479565877E+01   0.10330129531251E+00   0.77853214727967E+01   0.30618786091262E+03   0.66155679569427E+02   0.23629311550211E+03  0.d0 0.d0 0.d0
clo891  ep = 2459000.500000
 0.10012479570797E+01   0.10330155098746E+00   0.77853407199982E+01   0.30618786332845E+03   0.66155674127658E+02   0.23629312013294E+03  0.d0 0.d0 0.d0
clo892  ep = 2459000.500000
 0.10012479539458E+01   0.10330143573171E+00   0.77853327788864E+01   0.30618788169332E+03   0.66155671833935E+02   0.23629310561774E+03  0.d0 0.d0 0.d0
clo893  ep = 2459000.500000
 0.10012479535151E+01   0.10330134508034E+00   0.77853257982684E+01   0.30618787265130E+03   0.66155689226121E+02   0.23629309498422E+03  0.d0 0.d0 0.d0
clo894  ep = 2459000.500000
 0.10012479543972E+01   0.10330144822828E+00   0.77853325061093E+01   0.30618787894906E+03   0.66155680676360E+02   0.23629309538040E+03  0.d0 0.d0 0.d0
clo895  ep = 2459000.500000
 0.10012479551291E+01   0.10330148780467E+00   0.77853327938818E+01   0.30618787719652E+03   0.66155689014469E+02   0.23629308568366E+03  0.d0 0.d0 0.d0
clo896  ep = 2459000.500000
 0.10012479559804E+01   0.10330152791933E+00   0.77853389681914E+01   0.30618787908977E+03   0.66155665006420E+02   0.23629311266078E+03  0.d0 0.d0 0.d0
clo897  ep = 2459000.500000
 0.10012479556626E+01   0.10330135297119E+00   0.77853261072330E+01   0.30618785305121E+03   0.66155680715494E+02   0.23629312646496E+03  0.d0 0.d0 0.d0
clo898  ep = 2459000.500000
 0.10012479581804E+01   0.10330140726870E+00   0.77853288378767E+01   0.30618783426391E+03   0.66155683705450E+02   0.23629314113986E+03  0.d0 0.d0 0.d0
clo899  ep = 2459000.500000
 0.10012479574007E+01   0.10330137741477E+00   0.77853285448405E+01   0.30618786132537E+03   0.66155668314420E+02   0.23629312725660E+03  0.d0 0.d0 0.d0
