)O+_06 Small-body initial data  (WARNING: Do not delete this line!!)
) Lines beginning with `)\` are ignored.
)---------------------------------------------------------------------
 style (Cartesian, Asteroidal, Cometary) = Asteroidal
)--------------------------------------------d or D is not matter--0d0 is possible too--
clo800  ep = 2459000.500000
 0.10012479592719E+01   0.10330137700415E+00   0.77853304729022E+01   0.30618785509704E+03   0.66155665889935E+02   0.23629313459809E+03  0.d0 0.d0 0.d0
clo801  ep = 2459000.500000
 0.10012479583855E+01   0.10330169474556E+00   0.77853513480794E+01   0.30618785299552E+03   0.66155662216392E+02   0.23629314551027E+03  0.d0 0.d0 0.d0
clo802  ep = 2459000.500000
 0.10012479565819E+01   0.10330124362774E+00   0.77853169913924E+01   0.30618786707241E+03   0.66155688936434E+02   0.23629309374331E+03  0.d0 0.d0 0.d0
clo803  ep = 2459000.500000
 0.10012479573111E+01   0.10330140673277E+00   0.77853293059110E+01   0.30618783902180E+03   0.66155673938082E+02   0.23629315103114E+03  0.d0 0.d0 0.d0
clo804  ep = 2459000.500000
 0.10012479565187E+01   0.10330148076062E+00   0.77853351492093E+01   0.30618785063447E+03   0.66155684455341E+02   0.23629312385201E+03  0.d0 0.d0 0.d0
clo805  ep = 2459000.500000
 0.10012479563298E+01   0.10330137659116E+00   0.77853283886873E+01   0.30618787286038E+03   0.66155681194668E+02   0.23629309972388E+03  0.d0 0.d0 0.d0
clo806  ep = 2459000.500000
 0.10012479556266E+01   0.10330137106100E+00   0.77853288930647E+01   0.30618786148161E+03   0.66155664125452E+02   0.23629313572284E+03  0.d0 0.d0 0.d0
clo807  ep = 2459000.500000
 0.10012479565401E+01   0.10330131484678E+00   0.77853232394928E+01   0.30618783455856E+03   0.66155689909028E+02   0.23629313589955E+03  0.d0 0.d0 0.d0
clo808  ep = 2459000.500000
 0.10012479561898E+01   0.10330149238034E+00   0.77853368835230E+01   0.30618786673118E+03   0.66155673657680E+02   0.23629311629653E+03  0.d0 0.d0 0.d0
clo809  ep = 2459000.500000
 0.10012479530134E+01   0.10330138533030E+00   0.77853274538487E+01   0.30618788246471E+03   0.66155692130980E+02   0.23629307946517E+03  0.d0 0.d0 0.d0
clo810  ep = 2459000.500000
 0.10012479563075E+01   0.10330144962761E+00   0.77853321991727E+01   0.30618787816267E+03   0.66155672679234E+02   0.23629310331910E+03  0.d0 0.d0 0.d0
clo811  ep = 2459000.500000
 0.10012479563516E+01   0.10330144982540E+00   0.77853345352392E+01   0.30618785354716E+03   0.66155675657210E+02   0.23629313030084E+03  0.d0 0.d0 0.d0
clo812  ep = 2459000.500000
 0.10012479579182E+01   0.10330134460156E+00   0.77853259393860E+01   0.30618784349039E+03   0.66155684130428E+02   0.23629312995704E+03  0.d0 0.d0 0.d0
clo813  ep = 2459000.500000
 0.10012479578503E+01   0.10330153487069E+00   0.77853391265979E+01   0.30618784731984E+03   0.66155654393863E+02   0.23629316367878E+03  0.d0 0.d0 0.d0
clo814  ep = 2459000.500000
 0.10012479572044E+01   0.10330158148111E+00   0.77853428594148E+01   0.30618787141662E+03   0.66155666696200E+02   0.23629311946478E+03  0.d0 0.d0 0.d0
clo815  ep = 2459000.500000
 0.10012479558240E+01   0.10330120741147E+00   0.77853170673203E+01   0.30618786799353E+03   0.66155681921394E+02   0.23629310439617E+03  0.d0 0.d0 0.d0
clo816  ep = 2459000.500000
 0.10012479540459E+01   0.10330148987051E+00   0.77853356290897E+01   0.30618789577126E+03   0.66155677965507E+02   0.23629307747113E+03  0.d0 0.d0 0.d0
clo817  ep = 2459000.500000
 0.10012479573992E+01   0.10330152064788E+00   0.77853350172353E+01   0.30618783094335E+03   0.66155679893934E+02   0.23629315286373E+03  0.d0 0.d0 0.d0
clo818  ep = 2459000.500000
 0.10012479555642E+01   0.10330127071668E+00   0.77853192999443E+01   0.30618786753865E+03   0.66155696701508E+02   0.23629308711415E+03  0.d0 0.d0 0.d0
clo819  ep = 2459000.500000
 0.10012479551199E+01   0.10330123423678E+00   0.77853179414925E+01   0.30618788394302E+03   0.66155683146555E+02   0.23629308558261E+03  0.d0 0.d0 0.d0
clo820  ep = 2459000.500000
 0.10012479547776E+01   0.10330129820346E+00   0.77853199975183E+01   0.30618787409363E+03   0.66155703103387E+02   0.23629307129099E+03  0.d0 0.d0 0.d0
clo821  ep = 2459000.500000
 0.10012479595598E+01   0.10330154332834E+00   0.77853413108114E+01   0.30618783909106E+03   0.66155662440591E+02   0.23629316092806E+03  0.d0 0.d0 0.d0
clo822  ep = 2459000.500000
 0.10012479560057E+01   0.10330135893844E+00   0.77853277944796E+01   0.30618788231485E+03   0.66155677190178E+02   0.23629309207914E+03  0.d0 0.d0 0.d0
clo823  ep = 2459000.500000
 0.10012479566586E+01   0.10330127907473E+00   0.77853233842271E+01   0.30618785559849E+03   0.66155671631532E+02   0.23629313200540E+03  0.d0 0.d0 0.d0
clo824  ep = 2459000.500000
 0.10012479543630E+01   0.10330124687320E+00   0.77853181444894E+01   0.30618788224967E+03   0.66155692106351E+02   0.23629307728663E+03  0.d0 0.d0 0.d0
clo825  ep = 2459000.500000
 0.10012479549014E+01   0.10330130018149E+00   0.77853248729626E+01   0.30618786272705E+03   0.66155680437084E+02   0.23629311503755E+03  0.d0 0.d0 0.d0
clo826  ep = 2459000.500000
 0.10012479576015E+01   0.10330145114411E+00   0.77853328699607E+01   0.30618783848027E+03   0.66155672351861E+02   0.23629315239678E+03  0.d0 0.d0 0.d0
clo827  ep = 2459000.500000
 0.10012479554238E+01   0.10330127143911E+00   0.77853211052234E+01   0.30618785949698E+03   0.66155683019846E+02   0.23629311460423E+03  0.d0 0.d0 0.d0
clo828  ep = 2459000.500000
 0.10012479577018E+01   0.10330152268046E+00   0.77853360121951E+01   0.30618783240390E+03   0.66155680322749E+02   0.23629314839565E+03  0.d0 0.d0 0.d0
clo829  ep = 2459000.500000
 0.10012479560596E+01   0.10330143640542E+00   0.77853324313733E+01   0.30618785350924E+03   0.66155677893381E+02   0.23629312805490E+03  0.d0 0.d0 0.d0
clo830  ep = 2459000.500000
 0.10012479568516E+01   0.10330132245336E+00   0.77853234651019E+01   0.30618783736229E+03   0.66155690608793E+02   0.23629313096187E+03  0.d0 0.d0 0.d0
clo831  ep = 2459000.500000
 0.10012479567771E+01   0.10330150245624E+00   0.77853368817412E+01   0.30618785379810E+03   0.66155671624884E+02   0.23629313506411E+03  0.d0 0.d0 0.d0
clo832  ep = 2459000.500000
 0.10012479564551E+01   0.10330141593500E+00   0.77853303072792E+01   0.30618785299185E+03   0.66155671877052E+02   0.23629313564625E+03  0.d0 0.d0 0.d0
clo833  ep = 2459000.500000
 0.10012479572483E+01   0.10330139561049E+00   0.77853266717050E+01   0.30618785494011E+03   0.66155689226763E+02   0.23629310999707E+03  0.d0 0.d0 0.d0
clo834  ep = 2459000.500000
 0.10012479580673E+01   0.10330129646541E+00   0.77853212095229E+01   0.30618785329255E+03   0.66155691102448E+02   0.23629310791152E+03  0.d0 0.d0 0.d0
clo835  ep = 2459000.500000
 0.10012479573272E+01   0.10330144707705E+00   0.77853313375311E+01   0.30618785678183E+03   0.66155683942323E+02   0.23629311454849E+03  0.d0 0.d0 0.d0
clo836  ep = 2459000.500000
 0.10012479561119E+01   0.10330147494202E+00   0.77853315333967E+01   0.30618787857651E+03   0.66155692036886E+02   0.23629307936108E+03  0.d0 0.d0 0.d0
clo837  ep = 2459000.500000
 0.10012479559048E+01   0.10330129804689E+00   0.77853225484936E+01   0.30618784775944E+03   0.66155685134412E+02   0.23629312582861E+03  0.d0 0.d0 0.d0
clo838  ep = 2459000.500000
 0.10012479553222E+01   0.10330148269172E+00   0.77853374715370E+01   0.30618785981837E+03   0.66155673893791E+02   0.23629312666935E+03  0.d0 0.d0 0.d0
clo839  ep = 2459000.500000
 0.10012479563985E+01   0.10330156032295E+00   0.77853417848556E+01   0.30618787014924E+03   0.66155665367936E+02   0.23629312365739E+03  0.d0 0.d0 0.d0
clo840  ep = 2459000.500000
 0.10012479550333E+01   0.10330136396194E+00   0.77853262952575E+01   0.30618785915709E+03   0.66155689985428E+02   0.23629310790624E+03  0.d0 0.d0 0.d0
clo841  ep = 2459000.500000
 0.10012479571006E+01   0.10330153114642E+00   0.77853357458350E+01   0.30618786232180E+03   0.66155700201762E+02   0.23629308663787E+03  0.d0 0.d0 0.d0
clo842  ep = 2459000.500000
 0.10012479537973E+01   0.10330118118629E+00   0.77853162887043E+01   0.30618787796591E+03   0.66155682462639E+02   0.23629309624725E+03  0.d0 0.d0 0.d0
clo843  ep = 2459000.500000
 0.10012479564689E+01   0.10330148208476E+00   0.77853301095079E+01   0.30618783404363E+03   0.66155695795778E+02   0.23629313003979E+03  0.d0 0.d0 0.d0
clo844  ep = 2459000.500000
 0.10012479579531E+01   0.10330163920600E+00   0.77853442043234E+01   0.30618785545548E+03   0.66155663278490E+02   0.23629314301004E+03  0.d0 0.d0 0.d0
clo845  ep = 2459000.500000
 0.10012479570710E+01   0.10330148149736E+00   0.77853366941765E+01   0.30618785415096E+03   0.66155661365058E+02   0.23629314665294E+03  0.d0 0.d0 0.d0
clo846  ep = 2459000.500000
 0.10012479556600E+01   0.10330132132364E+00   0.77853233010566E+01   0.30618785235424E+03   0.66155685994858E+02   0.23629311995931E+03  0.d0 0.d0 0.d0
clo847  ep = 2459000.500000
 0.10012479577151E+01   0.10330135463310E+00   0.77853264470564E+01   0.30618785020885E+03   0.66155678035571E+02   0.23629312833146E+03  0.d0 0.d0 0.d0
clo848  ep = 2459000.500000
 0.10012479586817E+01   0.10330150288711E+00   0.77853356758256E+01   0.30618781702906E+03   0.66155664593123E+02   0.23629318761076E+03  0.d0 0.d0 0.d0
clo849  ep = 2459000.500000
 0.10012479521302E+01   0.10330130882410E+00   0.77853234981950E+01   0.30618789526697E+03   0.66155690586822E+02   0.23629306578041E+03  0.d0 0.d0 0.d0
