)O+_06 Small-body initial data  (WARNING: Do not delete this line!!)
) Lines beginning with `)\` are ignored.
)---------------------------------------------------------------------
 style (Cartesian, Asteroidal, Cometary) = Asteroidal
)--------------------------------------------d or D is not matter--0d0 is possible too--
clo950  ep = 2459000.500000
 0.10012479574187E+01   0.10330161443528E+00   0.77853472469619E+01   0.30618788120598E+03   0.66155658953444E+02   0.23629311601420E+03  0.d0 0.d0 0.d0
clo951  ep = 2459000.500000
 0.10012479558364E+01   0.10330108962443E+00   0.77853076063142E+01   0.30618784556478E+03   0.66155693450888E+02   0.23629311785094E+03  0.d0 0.d0 0.d0
clo952  ep = 2459000.500000
 0.10012479546288E+01   0.10330135052638E+00   0.77853264230026E+01   0.30618787347413E+03   0.66155680222741E+02   0.23629310246658E+03  0.d0 0.d0 0.d0
clo953  ep = 2459000.500000
 0.10012479546491E+01   0.10330135842102E+00   0.77853277314180E+01   0.30618787259341E+03   0.66155679897520E+02   0.23629310457690E+03  0.d0 0.d0 0.d0
clo954  ep = 2459000.500000
 0.10012479564790E+01   0.10330140695318E+00   0.77853306656669E+01   0.30618786798528E+03   0.66155676321797E+02   0.23629311142167E+03  0.d0 0.d0 0.d0
clo955  ep = 2459000.500000
 0.10012479551524E+01   0.10330148254168E+00   0.77853340765740E+01   0.30618788815094E+03   0.66155686204834E+02   0.23629307694093E+03  0.d0 0.d0 0.d0
clo956  ep = 2459000.500000
 0.10012479563573E+01   0.10330154960383E+00   0.77853375851741E+01   0.30618785702119E+03   0.66155688923930E+02   0.23629311016313E+03  0.d0 0.d0 0.d0
clo957  ep = 2459000.500000
 0.10012479570730E+01   0.10330151150775E+00   0.77853339826986E+01   0.30618783733907E+03   0.66155686758249E+02   0.23629313721302E+03  0.d0 0.d0 0.d0
clo958  ep = 2459000.500000
 0.10012479575515E+01   0.10330141006996E+00   0.77853269102861E+01   0.30618784402451E+03   0.66155696575624E+02   0.23629311344470E+03  0.d0 0.d0 0.d0
clo959  ep = 2459000.500000
 0.10012479571705E+01   0.10330162446808E+00   0.77853471540743E+01   0.30618787331991E+03   0.66155658789225E+02   0.23629312694551E+03  0.d0 0.d0 0.d0
clo960  ep = 2459000.500000
 0.10012479556490E+01   0.10330124138597E+00   0.77853157572469E+01   0.30618783693546E+03   0.66155703586886E+02   0.23629311657526E+03  0.d0 0.d0 0.d0
clo961  ep = 2459000.500000
 0.10012479548300E+01   0.10330104249299E+00   0.77853035924729E+01   0.30618785674011E+03   0.66155707204475E+02   0.23629308682446E+03  0.d0 0.d0 0.d0
clo962  ep = 2459000.500000
 0.10012479562237E+01   0.10330137377585E+00   0.77853287082521E+01   0.30618787067999E+03   0.66155688724218E+02   0.23629309295743E+03  0.d0 0.d0 0.d0
clo963  ep = 2459000.500000
 0.10012479558180E+01   0.10330140638680E+00   0.77853307164284E+01   0.30618788669010E+03   0.66155672047718E+02   0.23629309418358E+03  0.d0 0.d0 0.d0
clo964  ep = 2459000.500000
 0.10012479533945E+01   0.10330093182904E+00   0.77852982048177E+01   0.30618789787877E+03   0.66155692612574E+02   0.23629305736842E+03  0.d0 0.d0 0.d0
clo965  ep = 2459000.500000
 0.10012479581832E+01   0.10330137750163E+00   0.77853272983051E+01   0.30618783857452E+03   0.66155676691767E+02   0.23629314362831E+03  0.d0 0.d0 0.d0
clo966  ep = 2459000.500000
 0.10012479571498E+01   0.10330144225393E+00   0.77853338189465E+01   0.30618786042586E+03   0.66155674419832E+02   0.23629312154685E+03  0.d0 0.d0 0.d0
clo967  ep = 2459000.500000
 0.10012479550281E+01   0.10330149968097E+00   0.77853370735951E+01   0.30618788817353E+03   0.66155676125074E+02   0.23629308793312E+03  0.d0 0.d0 0.d0
clo968  ep = 2459000.500000
 0.10012479556447E+01   0.10330157234451E+00   0.77853421750147E+01   0.30618787703175E+03   0.66155676138121E+02   0.23629310240586E+03  0.d0 0.d0 0.d0
clo969  ep = 2459000.500000
 0.10012479544859E+01   0.10330132799063E+00   0.77853249105837E+01   0.30618786174934E+03   0.66155689251360E+02   0.23629310560487E+03  0.d0 0.d0 0.d0
clo970  ep = 2459000.500000
 0.10012479575411E+01   0.10330154259622E+00   0.77853392088967E+01   0.30618786442040E+03   0.66155674557977E+02   0.23629311664797E+03  0.d0 0.d0 0.d0
clo971  ep = 2459000.500000
 0.10012479564983E+01   0.10330128915991E+00   0.77853213928057E+01   0.30618786008643E+03   0.66155680779864E+02   0.23629311390642E+03  0.d0 0.d0 0.d0
clo972  ep = 2459000.500000
 0.10012479568681E+01   0.10330153422311E+00   0.77853393350439E+01   0.30618786312485E+03   0.66155670015312E+02   0.23629312485863E+03  0.d0 0.d0 0.d0
clo973  ep = 2459000.500000
 0.10012479580861E+01   0.10330155779685E+00   0.77853440667142E+01   0.30618786414738E+03   0.66155662416154E+02   0.23629313018863E+03  0.d0 0.d0 0.d0
clo974  ep = 2459000.500000
 0.10012479579148E+01   0.10330147801722E+00   0.77853353143151E+01   0.30618785605676E+03   0.66155671470728E+02   0.23629313083013E+03  0.d0 0.d0 0.d0
clo975  ep = 2459000.500000
 0.10012479574269E+01   0.10330154428582E+00   0.77853404893274E+01   0.30618787026754E+03   0.66155676044158E+02   0.23629310657536E+03  0.d0 0.d0 0.d0
clo976  ep = 2459000.500000
 0.10012479541726E+01   0.10330134417883E+00   0.77853208436330E+01   0.30618783734273E+03   0.66155703322715E+02   0.23629311971586E+03  0.d0 0.d0 0.d0
clo977  ep = 2459000.500000
 0.10012479559090E+01   0.10330143465493E+00   0.77853326277519E+01   0.30618788624240E+03   0.66155683873980E+02   0.23629308069364E+03  0.d0 0.d0 0.d0
clo978  ep = 2459000.500000
 0.10012479568852E+01   0.10330143933343E+00   0.77853329220081E+01   0.30618786571802E+03   0.66155675271120E+02   0.23629311354831E+03  0.d0 0.d0 0.d0
clo979  ep = 2459000.500000
 0.10012479522298E+01   0.10330099211432E+00   0.77853007567576E+01   0.30618786316949E+03   0.66155703785364E+02   0.23629308951473E+03  0.d0 0.d0 0.d0
clo980  ep = 2459000.500000
 0.10012479577068E+01   0.10330132837547E+00   0.77853238765003E+01   0.30618782317747E+03   0.66155684398839E+02   0.23629315531016E+03  0.d0 0.d0 0.d0
clo981  ep = 2459000.500000
 0.10012479543056E+01   0.10330135160989E+00   0.77853237847802E+01   0.30618786845155E+03   0.66155688252708E+02   0.23629309874499E+03  0.d0 0.d0 0.d0
clo982  ep = 2459000.500000
 0.10012479581584E+01   0.10330141870002E+00   0.77853328258040E+01   0.30618785947378E+03   0.66155665461727E+02   0.23629313125791E+03  0.d0 0.d0 0.d0
clo983  ep = 2459000.500000
 0.10012479535620E+01   0.10330122025149E+00   0.77853147189268E+01   0.30618788949848E+03   0.66155708693367E+02   0.23629304798277E+03  0.d0 0.d0 0.d0
clo984  ep = 2459000.500000
 0.10012479527699E+01   0.10330126296708E+00   0.77853205465167E+01   0.30618787126312E+03   0.66155688492290E+02   0.23629309630956E+03  0.d0 0.d0 0.d0
clo985  ep = 2459000.500000
 0.10012479575382E+01   0.10330141802344E+00   0.77853315586249E+01   0.30618786603152E+03   0.66155673227740E+02   0.23629311544743E+03  0.d0 0.d0 0.d0
clo986  ep = 2459000.500000
 0.10012479550611E+01   0.10330149052359E+00   0.77853376088394E+01   0.30618787372868E+03   0.66155670344679E+02   0.23629311482633E+03  0.d0 0.d0 0.d0
clo987  ep = 2459000.500000
 0.10012479539201E+01   0.10330128248607E+00   0.77853195140934E+01   0.30618784629590E+03   0.66155688941229E+02   0.23629312705409E+03  0.d0 0.d0 0.d0
clo988  ep = 2459000.500000
 0.10012479567565E+01   0.10330148823390E+00   0.77853344464525E+01   0.30618784019872E+03   0.66155677102395E+02   0.23629314528975E+03  0.d0 0.d0 0.d0
clo989  ep = 2459000.500000
 0.10012479553578E+01   0.10330145565316E+00   0.77853320526494E+01   0.30618788847826E+03   0.66155687785630E+02   0.23629307305474E+03  0.d0 0.d0 0.d0
clo990  ep = 2459000.500000
 0.10012479561292E+01   0.10330135765254E+00   0.77853246067823E+01   0.30618785368046E+03   0.66155698502681E+02   0.23629310090974E+03  0.d0 0.d0 0.d0
clo991  ep = 2459000.500000
 0.10012479548449E+01   0.10330137856233E+00   0.77853279627827E+01   0.30618785598248E+03   0.66155679294698E+02   0.23629312474820E+03  0.d0 0.d0 0.d0
clo992  ep = 2459000.500000
 0.10012479538556E+01   0.10330126483797E+00   0.77853198259867E+01   0.30618788986559E+03   0.66155694034217E+02   0.23629306444975E+03  0.d0 0.d0 0.d0
clo993  ep = 2459000.500000
 0.10012479571708E+01   0.10330133476259E+00   0.77853242131627E+01   0.30618785685208E+03   0.66155681893252E+02   0.23629311605458E+03  0.d0 0.d0 0.d0
clo994  ep = 2459000.500000
 0.10012479569012E+01   0.10330156660077E+00   0.77853414917419E+01   0.30618784594489E+03   0.66155665769258E+02   0.23629315214337E+03  0.d0 0.d0 0.d0
clo995  ep = 2459000.500000
 0.10012479546304E+01   0.10330145275558E+00   0.77853325526555E+01   0.30618788035835E+03   0.66155680882760E+02   0.23629309320863E+03  0.d0 0.d0 0.d0
clo996  ep = 2459000.500000
 0.10012479560239E+01   0.10330126184196E+00   0.77853202015483E+01   0.30618785978405E+03   0.66155688204651E+02   0.23629310744540E+03  0.d0 0.d0 0.d0
clo997  ep = 2459000.500000
 0.10012479550063E+01   0.10330128025399E+00   0.77853211841904E+01   0.30618786792082E+03   0.66155689416030E+02   0.23629309746875E+03  0.d0 0.d0 0.d0
clo998  ep = 2459000.500000
 0.10012479553355E+01   0.10330151610875E+00   0.77853352100679E+01   0.30618787487028E+03   0.66155684394456E+02   0.23629309499149E+03  0.d0 0.d0 0.d0
clo999  ep = 2459000.500000
 0.10012479551790E+01   0.10330154563089E+00   0.77853376361210E+01   0.30618786981141E+03   0.66155689230913E+02   0.23629309744582E+03  0.d0 0.d0 0.d0
