)O+_06 Small-body initial data  (WARNING: Do not delete this line!!)
) Lines beginning with `)\` are ignored.
)---------------------------------------------------------------------
 style (Cartesian, Asteroidal, Cometary) = Asteroidal
)--------------------------------------------d or D is not matter--0d0 is possible too--
clo450  ep = 2459000.500000
 0.10012479546938E+01   0.10330149610959E+00   0.77853372376107E+01   0.30618788729600E+03   0.66155666539693E+02   0.23629310255649E+03  0.d0 0.d0 0.d0
clo451  ep = 2459000.500000
 0.10012479531820E+01   0.10330130874228E+00   0.77853206637157E+01   0.30618786380069E+03   0.66155689099350E+02   0.23629310747689E+03  0.d0 0.d0 0.d0
clo452  ep = 2459000.500000
 0.10012479558220E+01   0.10330136126178E+00   0.77853271683976E+01   0.30618787693141E+03   0.66155686669037E+02   0.23629308828328E+03  0.d0 0.d0 0.d0
clo453  ep = 2459000.500000
 0.10012479556445E+01   0.10330126959070E+00   0.77853193136882E+01   0.30618786591326E+03   0.66155691632164E+02   0.23629309523738E+03  0.d0 0.d0 0.d0
clo454  ep = 2459000.500000
 0.10012479549437E+01   0.10330147486496E+00   0.77853324589972E+01   0.30618786650621E+03   0.66155690535732E+02   0.23629309731515E+03  0.d0 0.d0 0.d0
clo455  ep = 2459000.500000
 0.10012479547543E+01   0.10330132954682E+00   0.77853227931636E+01   0.30618785919193E+03   0.66155690169972E+02   0.23629310904657E+03  0.d0 0.d0 0.d0
clo456  ep = 2459000.500000
 0.10012479520570E+01   0.10330126942612E+00   0.77853232313126E+01   0.30618789601687E+03   0.66155674616568E+02   0.23629308691847E+03  0.d0 0.d0 0.d0
clo457  ep = 2459000.500000
 0.10012479562388E+01   0.10330146837784E+00   0.77853346473487E+01   0.30618785678659E+03   0.66155676858697E+02   0.23629312680606E+03  0.d0 0.d0 0.d0
clo458  ep = 2459000.500000
 0.10012479563093E+01   0.10330126425134E+00   0.77853187899269E+01   0.30618784232623E+03   0.66155696746342E+02   0.23629311780614E+03  0.d0 0.d0 0.d0
clo459  ep = 2459000.500000
 0.10012479536871E+01   0.10330129506902E+00   0.77853197569219E+01   0.30618785658657E+03   0.66155698184097E+02   0.23629310511204E+03  0.d0 0.d0 0.d0
clo460  ep = 2459000.500000
 0.10012479572271E+01   0.10330131262715E+00   0.77853249021675E+01   0.30618785192897E+03   0.66155674392835E+02   0.23629313177421E+03  0.d0 0.d0 0.d0
clo461  ep = 2459000.500000
 0.10012479542589E+01   0.10330123507939E+00   0.77853162163975E+01   0.30618786179005E+03   0.66155700131766E+02   0.23629309362072E+03  0.d0 0.d0 0.d0
clo462  ep = 2459000.500000
 0.10012479547436E+01   0.10330129681258E+00   0.77853236850988E+01   0.30618788837277E+03   0.66155685377267E+02   0.23629307837437E+03  0.d0 0.d0 0.d0
clo463  ep = 2459000.500000
 0.10012479555641E+01   0.10330149915248E+00   0.77853355534444E+01   0.30618787531227E+03   0.66155678979673E+02   0.23629310170766E+03  0.d0 0.d0 0.d0
clo464  ep = 2459000.500000
 0.10012479569277E+01   0.10330148656755E+00   0.77853331096556E+01   0.30618783927245E+03   0.66155685843234E+02   0.23629313349788E+03  0.d0 0.d0 0.d0
clo465  ep = 2459000.500000
 0.10012479576429E+01   0.10330119805408E+00   0.77853140626220E+01   0.30618784967224E+03   0.66155695243249E+02   0.23629310733840E+03  0.d0 0.d0 0.d0
clo466  ep = 2459000.500000
 0.10012479542131E+01   0.10330133578884E+00   0.77853258718301E+01   0.30618788286858E+03   0.66155671031952E+02   0.23629310233041E+03  0.d0 0.d0 0.d0
clo467  ep = 2459000.500000
 0.10012479550439E+01   0.10330128274027E+00   0.77853223139886E+01   0.30618788864387E+03   0.66155679928380E+02   0.23629308249696E+03  0.d0 0.d0 0.d0
clo468  ep = 2459000.500000
 0.10012479581500E+01   0.10330140549332E+00   0.77853275207511E+01   0.30618786245841E+03   0.66155681894721E+02   0.23629310796472E+03  0.d0 0.d0 0.d0
clo469  ep = 2459000.500000
 0.10012479553521E+01   0.10330144077363E+00   0.77853325923098E+01   0.30618787444407E+03   0.66155679322637E+02   0.23629310049375E+03  0.d0 0.d0 0.d0
clo470  ep = 2459000.500000
 0.10012479586612E+01   0.10330142564007E+00   0.77853286618213E+01   0.30618782127258E+03   0.66155685047005E+02   0.23629315482559E+03  0.d0 0.d0 0.d0
clo471  ep = 2459000.500000
 0.10012479552734E+01   0.10330139320589E+00   0.77853277334188E+01   0.30618785297206E+03   0.66155691254660E+02   0.23629311334196E+03  0.d0 0.d0 0.d0
clo472  ep = 2459000.500000
 0.10012479588651E+01   0.10330154209065E+00   0.77853390099402E+01   0.30618781503949E+03   0.66155684848911E+02   0.23629316480172E+03  0.d0 0.d0 0.d0
clo473  ep = 2459000.500000
 0.10012479575847E+01   0.10330145691192E+00   0.77853309442022E+01   0.30618783595886E+03   0.66155694935171E+02   0.23629312601178E+03  0.d0 0.d0 0.d0
clo474  ep = 2459000.500000
 0.10012479568201E+01   0.10330129221869E+00   0.77853226788115E+01   0.30618784834685E+03   0.66155685652299E+02   0.23629312320949E+03  0.d0 0.d0 0.d0
clo475  ep = 2459000.500000
 0.10012479555587E+01   0.10330121784802E+00   0.77853151632096E+01   0.30618785503759E+03   0.66155696937064E+02   0.23629310217257E+03  0.d0 0.d0 0.d0
clo476  ep = 2459000.500000
 0.10012479565736E+01   0.10330151505927E+00   0.77853357395540E+01   0.30618785417495E+03   0.66155681591266E+02   0.23629312213906E+03  0.d0 0.d0 0.d0
clo477  ep = 2459000.500000
 0.10012479551063E+01   0.10330137091803E+00   0.77853277112187E+01   0.30618787437115E+03   0.66155682418542E+02   0.23629309820849E+03  0.d0 0.d0 0.d0
clo478  ep = 2459000.500000
 0.10012479548072E+01   0.10330147278378E+00   0.77853352241969E+01   0.30618787860889E+03   0.66155671924654E+02   0.23629310713731E+03  0.d0 0.d0 0.d0
clo479  ep = 2459000.500000
 0.10012479557054E+01   0.10330135622720E+00   0.77853226385086E+01   0.30618781972906E+03   0.66155711238500E+02   0.23629312983886E+03  0.d0 0.d0 0.d0
clo480  ep = 2459000.500000
 0.10012479598871E+01   0.10330160096130E+00   0.77853424894061E+01   0.30618784087546E+03   0.66155677413978E+02   0.23629313923525E+03  0.d0 0.d0 0.d0
clo481  ep = 2459000.500000
 0.10012479566308E+01   0.10330137283556E+00   0.77853273066739E+01   0.30618785103888E+03   0.66155684510651E+02   0.23629312206878E+03  0.d0 0.d0 0.d0
clo482  ep = 2459000.500000
 0.10012479575372E+01   0.10330149443057E+00   0.77853368320802E+01   0.30618785272004E+03   0.66155674042909E+02   0.23629313128001E+03  0.d0 0.d0 0.d0
clo483  ep = 2459000.500000
 0.10012479541903E+01   0.10330132727725E+00   0.77853237473856E+01   0.30618785281794E+03   0.66155687626234E+02   0.23629312008067E+03  0.d0 0.d0 0.d0
clo484  ep = 2459000.500000
 0.10012479571641E+01   0.10330129709856E+00   0.77853199798371E+01   0.30618786089395E+03   0.66155697311163E+02   0.23629309243178E+03  0.d0 0.d0 0.d0
clo485  ep = 2459000.500000
 0.10012479552383E+01   0.10330141263783E+00   0.77853350628534E+01   0.30618788511346E+03   0.66155664168186E+02   0.23629310653664E+03  0.d0 0.d0 0.d0
clo486  ep = 2459000.500000
 0.10012479552052E+01   0.10330120601453E+00   0.77853173238646E+01   0.30618786238808E+03   0.66155688667731E+02   0.23629310382319E+03  0.d0 0.d0 0.d0
clo487  ep = 2459000.500000
 0.10012479566414E+01   0.10330145259132E+00   0.77853323589455E+01   0.30618786306423E+03   0.66155670079595E+02   0.23629312484257E+03  0.d0 0.d0 0.d0
clo488  ep = 2459000.500000
 0.10012479573010E+01   0.10330145348314E+00   0.77853324975057E+01   0.30618785905272E+03   0.66155681386473E+02   0.23629311581433E+03  0.d0 0.d0 0.d0
clo489  ep = 2459000.500000
 0.10012479549497E+01   0.10330138845646E+00   0.77853254342285E+01   0.30618784017059E+03   0.66155695457699E+02   0.23629312507427E+03  0.d0 0.d0 0.d0
clo490  ep = 2459000.500000
 0.10012479566671E+01   0.10330145160646E+00   0.77853321911492E+01   0.30618785598267E+03   0.66155678330901E+02   0.23629312499542E+03  0.d0 0.d0 0.d0
clo491  ep = 2459000.500000
 0.10012479546938E+01   0.10330150891574E+00   0.77853371317179E+01   0.30618787088813E+03   0.66155672499507E+02   0.23629311610375E+03  0.d0 0.d0 0.d0
clo492  ep = 2459000.500000
 0.10012479567909E+01   0.10330140906289E+00   0.77853309053602E+01   0.30618786249503E+03   0.66155670624031E+02   0.23629312458418E+03  0.d0 0.d0 0.d0
clo493  ep = 2459000.500000
 0.10012479571506E+01   0.10330140983583E+00   0.77853301273661E+01   0.30618785447880E+03   0.66155679254816E+02   0.23629312239880E+03  0.d0 0.d0 0.d0
clo494  ep = 2459000.500000
 0.10012479573796E+01   0.10330136393084E+00   0.77853284796141E+01   0.30618784980375E+03   0.66155672026900E+02   0.23629313796726E+03  0.d0 0.d0 0.d0
clo495  ep = 2459000.500000
 0.10012479573355E+01   0.10330134369552E+00   0.77853234484003E+01   0.30618784620267E+03   0.66155689559281E+02   0.23629312069105E+03  0.d0 0.d0 0.d0
clo496  ep = 2459000.500000
 0.10012479561474E+01   0.10330136182566E+00   0.77853263521470E+01   0.30618785384506E+03   0.66155689960910E+02   0.23629311425356E+03  0.d0 0.d0 0.d0
clo497  ep = 2459000.500000
 0.10012479574331E+01   0.10330154727328E+00   0.77853404875810E+01   0.30618784932051E+03   0.66155669640214E+02   0.23629314175456E+03  0.d0 0.d0 0.d0
clo498  ep = 2459000.500000
 0.10012479590912E+01   0.10330158447568E+00   0.77853423929456E+01   0.30618784735530E+03   0.66155674250017E+02   0.23629313513412E+03  0.d0 0.d0 0.d0
clo499  ep = 2459000.500000
 0.10012479568942E+01   0.10330142697535E+00   0.77853344060325E+01   0.30618787935002E+03   0.66155663313372E+02   0.23629311072924E+03  0.d0 0.d0 0.d0
