)O+_06 Small-body initial data  (WARNING: Do not delete this line!!)
) Lines beginning with `)\` are ignored.
)---------------------------------------------------------------------
 style (Cartesian, Asteroidal, Cometary) = Asteroidal
)--------------------------------------------d or D is not matter--0d0 is possible too--
clo250  ep = 2459000.500000
 0.10012479593235E+01   0.10330147168895E+00   0.77853339362614E+01   0.30618783535780E+03   0.66155668345583E+02   0.23629315814380E+03  0.d0 0.d0 0.d0
clo251  ep = 2459000.500000
 0.10012479529351E+01   0.10330137210883E+00   0.77853275051680E+01   0.30618789391144E+03   0.66155686277478E+02   0.23629307292890E+03  0.d0 0.d0 0.d0
clo252  ep = 2459000.500000
 0.10012479549628E+01   0.10330118036730E+00   0.77853153416304E+01   0.30618785770672E+03   0.66155687001675E+02   0.23629311382269E+03  0.d0 0.d0 0.d0
clo253  ep = 2459000.500000
 0.10012479565568E+01   0.10330123975062E+00   0.77853166381815E+01   0.30618784615345E+03   0.66155694759153E+02   0.23629311464983E+03  0.d0 0.d0 0.d0
clo254  ep = 2459000.500000
 0.10012479556101E+01   0.10330154203583E+00   0.77853404454305E+01   0.30618787425627E+03   0.66155668695350E+02   0.23629311468303E+03  0.d0 0.d0 0.d0
clo255  ep = 2459000.500000
 0.10012479561607E+01   0.10330143224888E+00   0.77853305368560E+01   0.30618785781750E+03   0.66155677455017E+02   0.23629312339909E+03  0.d0 0.d0 0.d0
clo256  ep = 2459000.500000
 0.10012479551129E+01   0.10330130107908E+00   0.77853238925951E+01   0.30618786682878E+03   0.66155686952958E+02   0.23629310108898E+03  0.d0 0.d0 0.d0
clo257  ep = 2459000.500000
 0.10012479544642E+01   0.10330145393132E+00   0.77853317759381E+01   0.30618787498000E+03   0.66155683843919E+02   0.23629309872095E+03  0.d0 0.d0 0.d0
clo258  ep = 2459000.500000
 0.10012479543975E+01   0.10330146875097E+00   0.77853316381863E+01   0.30618786544391E+03   0.66155680087988E+02   0.23629311359369E+03  0.d0 0.d0 0.d0
clo259  ep = 2459000.500000
 0.10012479596300E+01   0.10330143760394E+00   0.77853330098979E+01   0.30618784688337E+03   0.66155676229496E+02   0.23629313295948E+03  0.d0 0.d0 0.d0
clo260  ep = 2459000.500000
 0.10012479577302E+01   0.10330160951204E+00   0.77853449921329E+01   0.30618787241740E+03   0.66155659380329E+02   0.23629312530109E+03  0.d0 0.d0 0.d0
clo261  ep = 2459000.500000
 0.10012479549790E+01   0.10330133153624E+00   0.77853246295755E+01   0.30618785952205E+03   0.66155684097073E+02   0.23629311418496E+03  0.d0 0.d0 0.d0
clo262  ep = 2459000.500000
 0.10012479552514E+01   0.10330108730948E+00   0.77853056430052E+01   0.30618786132176E+03   0.66155701261747E+02   0.23629308876903E+03  0.d0 0.d0 0.d0
clo263  ep = 2459000.500000
 0.10012479576936E+01   0.10330153426754E+00   0.77853375441282E+01   0.30618783956704E+03   0.66155673215325E+02   0.23629314942085E+03  0.d0 0.d0 0.d0
clo264  ep = 2459000.500000
 0.10012479563204E+01   0.10330138486386E+00   0.77853284125465E+01   0.30618786576877E+03   0.66155676011516E+02   0.23629311470219E+03  0.d0 0.d0 0.d0
clo265  ep = 2459000.500000
 0.10012479553410E+01   0.10330136867523E+00   0.77853271576645E+01   0.30618784561142E+03   0.66155675120335E+02   0.23629314396151E+03  0.d0 0.d0 0.d0
clo266  ep = 2459000.500000
 0.10012479606565E+01   0.10330152569916E+00   0.77853400668448E+01   0.30618782158889E+03   0.66155668564934E+02   0.23629317280692E+03  0.d0 0.d0 0.d0
clo267  ep = 2459000.500000
 0.10012479540573E+01   0.10330138125613E+00   0.77853272778861E+01   0.30618788096678E+03   0.66155685629706E+02   0.23629308866467E+03  0.d0 0.d0 0.d0
clo268  ep = 2459000.500000
 0.10012479566668E+01   0.10330138015769E+00   0.77853271111165E+01   0.30618784650662E+03   0.66155686119779E+02   0.23629312553303E+03  0.d0 0.d0 0.d0
clo269  ep = 2459000.500000
 0.10012479545258E+01   0.10330133884303E+00   0.77853263471595E+01   0.30618788808710E+03   0.66155680048603E+02   0.23629308475362E+03  0.d0 0.d0 0.d0
clo270  ep = 2459000.500000
 0.10012479573420E+01   0.10330135449884E+00   0.77853251828201E+01   0.30618783569198E+03   0.66155687270789E+02   0.23629313497816E+03  0.d0 0.d0 0.d0
clo271  ep = 2459000.500000
 0.10012479591260E+01   0.10330151341266E+00   0.77853366999778E+01   0.30618783267967E+03   0.66155673599018E+02   0.23629315388372E+03  0.d0 0.d0 0.d0
clo272  ep = 2459000.500000
 0.10012479567291E+01   0.10330136362296E+00   0.77853274469842E+01   0.30618786431320E+03   0.66155683277091E+02   0.23629310740164E+03  0.d0 0.d0 0.d0
clo273  ep = 2459000.500000
 0.10012479586790E+01   0.10330141657568E+00   0.77853285388390E+01   0.30618785588005E+03   0.66155683033606E+02   0.23629311412738E+03  0.d0 0.d0 0.d0
clo274  ep = 2459000.500000
 0.10012479522589E+01   0.10330130180541E+00   0.77853224139850E+01   0.30618787546890E+03   0.66155703169866E+02   0.23629307471905E+03  0.d0 0.d0 0.d0
clo275  ep = 2459000.500000
 0.10012479567451E+01   0.10330141853893E+00   0.77853294170411E+01   0.30618784482937E+03   0.66155683403986E+02   0.23629313087075E+03  0.d0 0.d0 0.d0
clo276  ep = 2459000.500000
 0.10012479556396E+01   0.10330133279395E+00   0.77853269357320E+01   0.30618788041174E+03   0.66155676124116E+02   0.23629309637120E+03  0.d0 0.d0 0.d0
clo277  ep = 2459000.500000
 0.10012479578595E+01   0.10330139212065E+00   0.77853295683753E+01   0.30618787288749E+03   0.66155678314335E+02   0.23629309927906E+03  0.d0 0.d0 0.d0
clo278  ep = 2459000.500000
 0.10012479564688E+01   0.10330136180493E+00   0.77853249324532E+01   0.30618785787175E+03   0.66155688818686E+02   0.23629310841079E+03  0.d0 0.d0 0.d0
clo279  ep = 2459000.500000
 0.10012479567974E+01   0.10330139400774E+00   0.77853291536164E+01   0.30618785342022E+03   0.66155677175356E+02   0.23629312724613E+03  0.d0 0.d0 0.d0
clo280  ep = 2459000.500000
 0.10012479549680E+01   0.10330109010557E+00   0.77853082021984E+01   0.30618786803990E+03   0.66155695635975E+02   0.23629308963421E+03  0.d0 0.d0 0.d0
clo281  ep = 2459000.500000
 0.10012479549496E+01   0.10330129038876E+00   0.77853227681096E+01   0.30618788939646E+03   0.66155691390270E+02   0.23629306775327E+03  0.d0 0.d0 0.d0
clo282  ep = 2459000.500000
 0.10012479569367E+01   0.10330146339632E+00   0.77853370319687E+01   0.30618786975482E+03   0.66155660651884E+02   0.23629312901664E+03  0.d0 0.d0 0.d0
clo283  ep = 2459000.500000
 0.10012479562314E+01   0.10330159001440E+00   0.77853447342143E+01   0.30618789296286E+03   0.66155660111806E+02   0.23629310055241E+03  0.d0 0.d0 0.d0
clo284  ep = 2459000.500000
 0.10012479551057E+01   0.10330148165501E+00   0.77853352626388E+01   0.30618788182583E+03   0.66155677023954E+02   0.23629309631888E+03  0.d0 0.d0 0.d0
clo285  ep = 2459000.500000
 0.10012479552840E+01   0.10330144910350E+00   0.77853325120470E+01   0.30618786526371E+03   0.66155685419841E+02   0.23629310559715E+03  0.d0 0.d0 0.d0
clo286  ep = 2459000.500000
 0.10012479601716E+01   0.10330169174582E+00   0.77853500547481E+01   0.30618783830934E+03   0.66155660420220E+02   0.23629316337417E+03  0.d0 0.d0 0.d0
clo287  ep = 2459000.500000
 0.10012479555996E+01   0.10330133070400E+00   0.77853249206363E+01   0.30618786175385E+03   0.66155680374205E+02   0.23629311511253E+03  0.d0 0.d0 0.d0
clo288  ep = 2459000.500000
 0.10012479583731E+01   0.10330149928684E+00   0.77853376285170E+01   0.30618783984877E+03   0.66155678779597E+02   0.23629314149542E+03  0.d0 0.d0 0.d0
clo289  ep = 2459000.500000
 0.10012479564872E+01   0.10330127011162E+00   0.77853173398297E+01   0.30618783022098E+03   0.66155704426500E+02   0.23629312332090E+03  0.d0 0.d0 0.d0
clo290  ep = 2459000.500000
 0.10012479578331E+01   0.10330155613702E+00   0.77853412431943E+01   0.30618787108772E+03   0.66155665253709E+02   0.23629311949946E+03  0.d0 0.d0 0.d0
clo291  ep = 2459000.500000
 0.10012479541532E+01   0.10330138731879E+00   0.77853285600859E+01   0.30618790090431E+03   0.66155677736591E+02   0.23629307130991E+03  0.d0 0.d0 0.d0
clo292  ep = 2459000.500000
 0.10012479561151E+01   0.10330150211013E+00   0.77853360759687E+01   0.30618784163418E+03   0.66155674427777E+02   0.23629314927719E+03  0.d0 0.d0 0.d0
clo293  ep = 2459000.500000
 0.10012479575791E+01   0.10330156486884E+00   0.77853416829640E+01   0.30618786161286E+03   0.66155676007944E+02   0.23629311739650E+03  0.d0 0.d0 0.d0
clo294  ep = 2459000.500000
 0.10012479536212E+01   0.10330131975014E+00   0.77853239087569E+01   0.30618788077991E+03   0.66155685676217E+02   0.23629308654093E+03  0.d0 0.d0 0.d0
clo295  ep = 2459000.500000
 0.10012479569013E+01   0.10330148165528E+00   0.77853340121222E+01   0.30618783787707E+03   0.66155685156528E+02   0.23629313956438E+03  0.d0 0.d0 0.d0
clo296  ep = 2459000.500000
 0.10012479546720E+01   0.10330121883342E+00   0.77853147620425E+01   0.30618787153416E+03   0.66155701467139E+02   0.23629307832924E+03  0.d0 0.d0 0.d0
clo297  ep = 2459000.500000
 0.10012479554419E+01   0.10330144248888E+00   0.77853310118357E+01   0.30618783822115E+03   0.66155683475516E+02   0.23629314201527E+03  0.d0 0.d0 0.d0
clo298  ep = 2459000.500000
 0.10012479561970E+01   0.10330144179631E+00   0.77853337634483E+01   0.30618784909351E+03   0.66155672432918E+02   0.23629314126454E+03  0.d0 0.d0 0.d0
clo299  ep = 2459000.500000
 0.10012479573429E+01   0.10330150895300E+00   0.77853349900735E+01   0.30618783860149E+03   0.66155680679040E+02   0.23629314305631E+03  0.d0 0.d0 0.d0
