)O+_06 Small-body initial data  (WARNING: Do not delete this line!!)
) Lines beginning with `)\` are ignored.
)---------------------------------------------------------------------
 style (Cartesian, Asteroidal, Cometary) = Asteroidal
)--------------------------------------------d or D is not matter--0d0 is possible too--
clo50   ep = 2459000.500000
 0.10012479567417E+01   0.10330159048414E+00   0.77853400519572E+01   0.30618785885704E+03   0.66155683994472E+02   0.23629311369917E+03  0.d0 0.d0 0.d0
clo51   ep = 2459000.500000
 0.10012479545011E+01   0.10330129694152E+00   0.77853223743115E+01   0.30618786573589E+03   0.66155690774192E+02   0.23629309917875E+03  0.d0 0.d0 0.d0
clo52   ep = 2459000.500000
 0.10012479566583E+01   0.10330165642908E+00   0.77853480693428E+01   0.30618787098781E+03   0.66155661231424E+02   0.23629312798353E+03  0.d0 0.d0 0.d0
clo53   ep = 2459000.500000
 0.10012479581296E+01   0.10330147225743E+00   0.77853326281955E+01   0.30618785273518E+03   0.66155676554542E+02   0.23629312717641E+03  0.d0 0.d0 0.d0
clo54   ep = 2459000.500000
 0.10012479527880E+01   0.10330132647608E+00   0.77853205478607E+01   0.30618788689096E+03   0.66155696401843E+02   0.23629306779610E+03  0.d0 0.d0 0.d0
clo55   ep = 2459000.500000
 0.10012479533699E+01   0.10330138122684E+00   0.77853301704365E+01   0.30618789593413E+03   0.66155680715300E+02   0.23629307594565E+03  0.d0 0.d0 0.d0
clo56   ep = 2459000.500000
 0.10012479588386E+01   0.10330167883206E+00   0.77853485858357E+01   0.30618786087395E+03   0.66155662994505E+02   0.23629313476514E+03  0.d0 0.d0 0.d0
clo57   ep = 2459000.500000
 0.10012479593322E+01   0.10330150530137E+00   0.77853361149349E+01   0.30618785628140E+03   0.66155675444945E+02   0.23629312155064E+03  0.d0 0.d0 0.d0
clo58   ep = 2459000.500000
 0.10012479554390E+01   0.10330132929060E+00   0.77853240921429E+01   0.30618784492323E+03   0.66155686813671E+02   0.23629312965184E+03  0.d0 0.d0 0.d0
clo59   ep = 2459000.500000
 0.10012479553994E+01   0.10330144859598E+00   0.77853303587261E+01   0.30618787340423E+03   0.66155697071278E+02   0.23629308149848E+03  0.d0 0.d0 0.d0
clo60   ep = 2459000.500000
 0.10012479548630E+01   0.10330144215888E+00   0.77853316989260E+01   0.30618785955871E+03   0.66155682191748E+02   0.23629311665939E+03  0.d0 0.d0 0.d0
clo61   ep = 2459000.500000
 0.10012479571268E+01   0.10330142777619E+00   0.77853312238462E+01   0.30618783990278E+03   0.66155689030977E+02   0.23629312845994E+03  0.d0 0.d0 0.d0
clo62   ep = 2459000.500000
 0.10012479553376E+01   0.10330139373736E+00   0.77853284591537E+01   0.30618787071356E+03   0.66155676871980E+02   0.23629310863400E+03  0.d0 0.d0 0.d0
clo63   ep = 2459000.500000
 0.10012479527409E+01   0.10330118515621E+00   0.77853157766193E+01   0.30618788733801E+03   0.66155687337496E+02   0.23629307804098E+03  0.d0 0.d0 0.d0
clo64   ep = 2459000.500000
 0.10012479532890E+01   0.10330131904347E+00   0.77853191744574E+01   0.30618789503213E+03   0.66155701361504E+02   0.23629305121795E+03  0.d0 0.d0 0.d0
clo65   ep = 2459000.500000
 0.10012479530978E+01   0.10330128314705E+00   0.77853212324462E+01   0.30618790122333E+03   0.66155685735381E+02   0.23629306340660E+03  0.d0 0.d0 0.d0
clo66   ep = 2459000.500000
 0.10012479571094E+01   0.10330138590792E+00   0.77853251450159E+01   0.30618782985164E+03   0.66155689326188E+02   0.23629314244595E+03  0.d0 0.d0 0.d0
clo67   ep = 2459000.500000
 0.10012479597862E+01   0.10330153944420E+00   0.77853397970366E+01   0.30618783219051E+03   0.66155665624500E+02   0.23629316440025E+03  0.d0 0.d0 0.d0
clo68   ep = 2459000.500000
 0.10012479541743E+01   0.10330116721010E+00   0.77853127104763E+01   0.30618786444469E+03   0.66155697351053E+02   0.23629309360767E+03  0.d0 0.d0 0.d0
clo69   ep = 2459000.500000
 0.10012479544481E+01   0.10330106800695E+00   0.77853047588940E+01   0.30618784517660E+03   0.66155698099164E+02   0.23629311508303E+03  0.d0 0.d0 0.d0
clo70   ep = 2459000.500000
 0.10012479564188E+01   0.10330138449018E+00   0.77853283633297E+01   0.30618786094055E+03   0.66155680763205E+02   0.23629311508845E+03  0.d0 0.d0 0.d0
clo71   ep = 2459000.500000
 0.10012479597525E+01   0.10330168950741E+00   0.77853479029610E+01   0.30618783141259E+03   0.66155664174068E+02   0.23629316848852E+03  0.d0 0.d0 0.d0
clo72   ep = 2459000.500000
 0.10012479575374E+01   0.10330135766481E+00   0.77853269084850E+01   0.30618783648948E+03   0.66155677064756E+02   0.23629314714054E+03  0.d0 0.d0 0.d0
clo73   ep = 2459000.500000
 0.10012479550313E+01   0.10330121330138E+00   0.77853147234233E+01   0.30618785821502E+03   0.66155700989349E+02   0.23629309386551E+03  0.d0 0.d0 0.d0
clo74   ep = 2459000.500000
 0.10012479544783E+01   0.10330117049468E+00   0.77853146174524E+01   0.30618787571659E+03   0.66155695884821E+02   0.23629307931516E+03  0.d0 0.d0 0.d0
clo75   ep = 2459000.500000
 0.10012479585012E+01   0.10330155047862E+00   0.77853431053975E+01   0.30618784559619E+03   0.66155663964318E+02   0.23629315272235E+03  0.d0 0.d0 0.d0
clo76   ep = 2459000.500000
 0.10012479558248E+01   0.10330137425202E+00   0.77853256018541E+01   0.30618785635153E+03   0.66155677999626E+02   0.23629312502796E+03  0.d0 0.d0 0.d0
clo77   ep = 2459000.500000
 0.10012479548045E+01   0.10330148653918E+00   0.77853359453123E+01   0.30618787643947E+03   0.66155676460624E+02   0.23629310384189E+03  0.d0 0.d0 0.d0
clo78   ep = 2459000.500000
 0.10012479550889E+01   0.10330117776185E+00   0.77853151585983E+01   0.30618786631545E+03   0.66155691097901E+02   0.23629309520344E+03  0.d0 0.d0 0.d0
clo79   ep = 2459000.500000
 0.10012479530893E+01   0.10330117136567E+00   0.77853137613614E+01   0.30618786157030E+03   0.66155698086643E+02   0.23629309672729E+03  0.d0 0.d0 0.d0
clo80   ep = 2459000.500000
 0.10012479558167E+01   0.10330133978051E+00   0.77853258469074E+01   0.30618784425796E+03   0.66155680242251E+02   0.23629313798714E+03  0.d0 0.d0 0.d0
clo81   ep = 2459000.500000
 0.10012479544487E+01   0.10330142521211E+00   0.77853314649705E+01   0.30618787845726E+03   0.66155685608843E+02   0.23629309112171E+03  0.d0 0.d0 0.d0
clo82   ep = 2459000.500000
 0.10012479544021E+01   0.10330132620889E+00   0.77853243428816E+01   0.30618784327547E+03   0.66155684677474E+02   0.23629313643151E+03  0.d0 0.d0 0.d0
clo83   ep = 2459000.500000
 0.10012479572117E+01   0.10330139314425E+00   0.77853272964108E+01   0.30618783309254E+03   0.66155687341036E+02   0.23629314030589E+03  0.d0 0.d0 0.d0
clo84   ep = 2459000.500000
 0.10012479548920E+01   0.10330123400909E+00   0.77853185535031E+01   0.30618786676301E+03   0.66155687727670E+02   0.23629310139411E+03  0.d0 0.d0 0.d0
clo85   ep = 2459000.500000
 0.10012479550928E+01   0.10330137650645E+00   0.77853268491491E+01   0.30618786650689E+03   0.66155684910843E+02   0.23629310528492E+03  0.d0 0.d0 0.d0
clo86   ep = 2459000.500000
 0.10012479576618E+01   0.10330161021381E+00   0.77853441942576E+01   0.30618787584924E+03   0.66155671701995E+02   0.23629310453138E+03  0.d0 0.d0 0.d0
clo87   ep = 2459000.500000
 0.10012479554847E+01   0.10330144884908E+00   0.77853322737464E+01   0.30618787187016E+03   0.66155677732673E+02   0.23629310534674E+03  0.d0 0.d0 0.d0
clo88   ep = 2459000.500000
 0.10012479556614E+01   0.10330145907165E+00   0.77853344291279E+01   0.30618786290331E+03   0.66155671149815E+02   0.23629312675386E+03  0.d0 0.d0 0.d0
clo89   ep = 2459000.500000
 0.10012479542930E+01   0.10330150783465E+00   0.77853374531808E+01   0.30618788887211E+03   0.66155670106466E+02   0.23629309662289E+03  0.d0 0.d0 0.d0
clo90   ep = 2459000.500000
 0.10012479562020E+01   0.10330149654046E+00   0.77853363210774E+01   0.30618789060707E+03   0.66155680504756E+02   0.23629307751388E+03  0.d0 0.d0 0.d0
clo91   ep = 2459000.500000
 0.10012479552430E+01   0.10330122982806E+00   0.77853176594046E+01   0.30618786020759E+03   0.66155692032917E+02   0.23629310315795E+03  0.d0 0.d0 0.d0
clo92   ep = 2459000.500000
 0.10012479545547E+01   0.10330129666800E+00   0.77853216342170E+01   0.30618787688658E+03   0.66155692191303E+02   0.23629308393160E+03  0.d0 0.d0 0.d0
clo93   ep = 2459000.500000
 0.10012479567081E+01   0.10330161765150E+00   0.77853429343346E+01   0.30618785695564E+03   0.66155682989372E+02   0.23629311712462E+03  0.d0 0.d0 0.d0
clo94   ep = 2459000.500000
 0.10012479559549E+01   0.10330137920110E+00   0.77853265068572E+01   0.30618784709603E+03   0.66155694683224E+02   0.23629311565880E+03  0.d0 0.d0 0.d0
clo95   ep = 2459000.500000
 0.10012479575593E+01   0.10330150936464E+00   0.77853396683846E+01   0.30618786001110E+03   0.66155658472134E+02   0.23629314309865E+03  0.d0 0.d0 0.d0
clo96   ep = 2459000.500000
 0.10012479601236E+01   0.10330144562463E+00   0.77853343956997E+01   0.30618785272147E+03   0.66155658753481E+02   0.23629314602877E+03  0.d0 0.d0 0.d0
clo97   ep = 2459000.500000
 0.10012479576078E+01   0.10330134607056E+00   0.77853263640069E+01   0.30618783903249E+03   0.66155684818872E+02   0.23629313529236E+03  0.d0 0.d0 0.d0
clo98   ep = 2459000.500000
 0.10012479548584E+01   0.10330134993949E+00   0.77853265083617E+01   0.30618787134556E+03   0.66155684000465E+02   0.23629310069566E+03  0.d0 0.d0 0.d0
clo99   ep = 2459000.500000
 0.10012479574596E+01   0.10330137510127E+00   0.77853290924809E+01   0.30618784889407E+03   0.66155671969564E+02   0.23629313804799E+03  0.d0 0.d0 0.d0
