)O+_06 Small-body initial data  (WARNING: Do not delete this line!!)
) Lines beginning with `)\` are ignored.
)---------------------------------------------------------------------
 style (Cartesian, Asteroidal, Cometary) = Asteroidal
)--------------------------------------------d or D is not matter--0d0 is possible too--
clo350  ep = 2459000.500000
 0.10012479556376E+01   0.10330152656865E+00   0.77853361245960E+01   0.30618783529139E+03   0.66155677620908E+02   0.23629315278106E+03  0.d0 0.d0 0.d0
clo351  ep = 2459000.500000
 0.10012479569182E+01   0.10330138689873E+00   0.77853262489875E+01   0.30618783630322E+03   0.66155692873231E+02   0.23629312877024E+03  0.d0 0.d0 0.d0
clo352  ep = 2459000.500000
 0.10012479557712E+01   0.10330132722252E+00   0.77853245220195E+01   0.30618785238444E+03   0.66155680851120E+02   0.23629312661441E+03  0.d0 0.d0 0.d0
clo353  ep = 2459000.500000
 0.10012479557418E+01   0.10330152355617E+00   0.77853390581071E+01   0.30618787162669E+03   0.66155674081357E+02   0.23629311223115E+03  0.d0 0.d0 0.d0
clo354  ep = 2459000.500000
 0.10012479529472E+01   0.10330114498548E+00   0.77853153113172E+01   0.30618789358957E+03   0.66155679546294E+02   0.23629307987653E+03  0.d0 0.d0 0.d0
clo355  ep = 2459000.500000
 0.10012479547283E+01   0.10330139585592E+00   0.77853263400656E+01   0.30618786160726E+03   0.66155692844937E+02   0.23629310159312E+03  0.d0 0.d0 0.d0
clo356  ep = 2459000.500000
 0.10012479525614E+01   0.10330109799583E+00   0.77853105269037E+01   0.30618793372261E+03   0.66155688280929E+02   0.23629301836943E+03  0.d0 0.d0 0.d0
clo357  ep = 2459000.500000
 0.10012479531057E+01   0.10330122089461E+00   0.77853194347800E+01   0.30618787223878E+03   0.66155688021942E+02   0.23629309569786E+03  0.d0 0.d0 0.d0
clo358  ep = 2459000.500000
 0.10012479558392E+01   0.10330120954713E+00   0.77853146955805E+01   0.30618784466337E+03   0.66155699145416E+02   0.23629311147233E+03  0.d0 0.d0 0.d0
clo359  ep = 2459000.500000
 0.10012479581409E+01   0.10330138345623E+00   0.77853263231475E+01   0.30618783628246E+03   0.66155684273484E+02   0.23629313639886E+03  0.d0 0.d0 0.d0
clo360  ep = 2459000.500000
 0.10012479580105E+01   0.10330120217804E+00   0.77853159981391E+01   0.30618784484999E+03   0.66155693254192E+02   0.23629311427051E+03  0.d0 0.d0 0.d0
clo361  ep = 2459000.500000
 0.10012479575296E+01   0.10330134954613E+00   0.77853277183779E+01   0.30618787943909E+03   0.66155678481123E+02   0.23629309139356E+03  0.d0 0.d0 0.d0
clo362  ep = 2459000.500000
 0.10012479565616E+01   0.10330144190437E+00   0.77853292141913E+01   0.30618783486784E+03   0.66155690771076E+02   0.23629313478935E+03  0.d0 0.d0 0.d0
clo363  ep = 2459000.500000
 0.10012479529961E+01   0.10330115720603E+00   0.77853122570293E+01   0.30618787997491E+03   0.66155700344632E+02   0.23629307100095E+03  0.d0 0.d0 0.d0
clo364  ep = 2459000.500000
 0.10012479546412E+01   0.10330135032015E+00   0.77853267531329E+01   0.30618788391841E+03   0.66155677649683E+02   0.23629309337050E+03  0.d0 0.d0 0.d0
clo365  ep = 2459000.500000
 0.10012479533945E+01   0.10330113221410E+00   0.77853105992999E+01   0.30618787595182E+03   0.66155689935043E+02   0.23629308826732E+03  0.d0 0.d0 0.d0
clo366  ep = 2459000.500000
 0.10012479573798E+01   0.10330146334092E+00   0.77853347056869E+01   0.30618786100179E+03   0.66155672129871E+02   0.23629312424732E+03  0.d0 0.d0 0.d0
clo367  ep = 2459000.500000
 0.10012479567058E+01   0.10330154779972E+00   0.77853404359393E+01   0.30618787614887E+03   0.66155673350712E+02   0.23629310544876E+03  0.d0 0.d0 0.d0
clo368  ep = 2459000.500000
 0.10012479565722E+01   0.10330157067821E+00   0.77853384721937E+01   0.30618783781196E+03   0.66155680873227E+02   0.23629314244895E+03  0.d0 0.d0 0.d0
clo369  ep = 2459000.500000
 0.10012479554881E+01   0.10330135519819E+00   0.77853268276305E+01   0.30618789461379E+03   0.66155682077003E+02   0.23629307221842E+03  0.d0 0.d0 0.d0
clo370  ep = 2459000.500000
 0.10012479536775E+01   0.10330115554211E+00   0.77853155589124E+01   0.30618789367658E+03   0.66155680690251E+02   0.23629307778105E+03  0.d0 0.d0 0.d0
clo371  ep = 2459000.500000
 0.10012479546996E+01   0.10330129979593E+00   0.77853190376739E+01   0.30618785482038E+03   0.66155697664333E+02   0.23629310320855E+03  0.d0 0.d0 0.d0
clo372  ep = 2459000.500000
 0.10012479575942E+01   0.10330137683118E+00   0.77853281261579E+01   0.30618785414321E+03   0.66155683903604E+02   0.23629311719020E+03  0.d0 0.d0 0.d0
clo373  ep = 2459000.500000
 0.10012479530833E+01   0.10330128218202E+00   0.77853226920466E+01   0.30618788663748E+03   0.66155679251866E+02   0.23629308962044E+03  0.d0 0.d0 0.d0
clo374  ep = 2459000.500000
 0.10012479553023E+01   0.10330130616112E+00   0.77853210525216E+01   0.30618785812678E+03   0.66155686132961E+02   0.23629311403217E+03  0.d0 0.d0 0.d0
clo375  ep = 2459000.500000
 0.10012479589452E+01   0.10330135543081E+00   0.77853255997237E+01   0.30618782259529E+03   0.66155681510902E+02   0.23629315897004E+03  0.d0 0.d0 0.d0
clo376  ep = 2459000.500000
 0.10012479553619E+01   0.10330145039119E+00   0.77853307326601E+01   0.30618784909190E+03   0.66155684250265E+02   0.23629312674583E+03  0.d0 0.d0 0.d0
clo377  ep = 2459000.500000
 0.10012479530868E+01   0.10330118762103E+00   0.77853121159344E+01   0.30618786541026E+03   0.66155705196943E+02   0.23629308367649E+03  0.d0 0.d0 0.d0
clo378  ep = 2459000.500000
 0.10012479565585E+01   0.10330131941586E+00   0.77853250100161E+01   0.30618784799447E+03   0.66155693738142E+02   0.23629311368758E+03  0.d0 0.d0 0.d0
clo379  ep = 2459000.500000
 0.10012479568277E+01   0.10330142184609E+00   0.77853329235671E+01   0.30618788161147E+03   0.66155667156518E+02   0.23629310568039E+03  0.d0 0.d0 0.d0
clo380  ep = 2459000.500000
 0.10012479558973E+01   0.10330142766718E+00   0.77853318517285E+01   0.30618788932597E+03   0.66155671694407E+02   0.23629309091372E+03  0.d0 0.d0 0.d0
clo381  ep = 2459000.500000
 0.10012479564680E+01   0.10330140665718E+00   0.77853311191053E+01   0.30618786017970E+03   0.66155676980859E+02   0.23629311960859E+03  0.d0 0.d0 0.d0
clo382  ep = 2459000.500000
 0.10012479553438E+01   0.10330138830544E+00   0.77853263169796E+01   0.30618784979280E+03   0.66155687478432E+02   0.23629312254499E+03  0.d0 0.d0 0.d0
clo383  ep = 2459000.500000
 0.10012479561902E+01   0.10330141259915E+00   0.77853339792330E+01   0.30618787252994E+03   0.66155672715238E+02   0.23629310975617E+03  0.d0 0.d0 0.d0
clo384  ep = 2459000.500000
 0.10012479564568E+01   0.10330133553206E+00   0.77853247828652E+01   0.30618784871815E+03   0.66155674130747E+02   0.23629313774945E+03  0.d0 0.d0 0.d0
clo385  ep = 2459000.500000
 0.10012479570778E+01   0.10330156024602E+00   0.77853393547720E+01   0.30618783579866E+03   0.66155675296242E+02   0.23629315255026E+03  0.d0 0.d0 0.d0
clo386  ep = 2459000.500000
 0.10012479563830E+01   0.10330148354434E+00   0.77853368463831E+01   0.30618786730025E+03   0.66155676915748E+02   0.23629311142651E+03  0.d0 0.d0 0.d0
clo387  ep = 2459000.500000
 0.10012479574684E+01   0.10330153814799E+00   0.77853372098868E+01   0.30618785618555E+03   0.66155674795421E+02   0.23629312692892E+03  0.d0 0.d0 0.d0
clo388  ep = 2459000.500000
 0.10012479549112E+01   0.10330141845538E+00   0.77853311644336E+01   0.30618788218474E+03   0.66155689315015E+02   0.23629307838405E+03  0.d0 0.d0 0.d0
clo389  ep = 2459000.500000
 0.10012479554924E+01   0.10330136571143E+00   0.77853276954388E+01   0.30618787633071E+03   0.66155679706755E+02   0.23629309676184E+03  0.d0 0.d0 0.d0
clo390  ep = 2459000.500000
 0.10012479568311E+01   0.10330143075802E+00   0.77853311959430E+01   0.30618785951430E+03   0.66155685798299E+02   0.23629310951968E+03  0.d0 0.d0 0.d0
clo391  ep = 2459000.500000
 0.10012479548820E+01   0.10330132017667E+00   0.77853257267724E+01   0.30618787579059E+03   0.66155682219063E+02   0.23629309645430E+03  0.d0 0.d0 0.d0
clo392  ep = 2459000.500000
 0.10012479540357E+01   0.10330143304723E+00   0.77853289006696E+01   0.30618788141336E+03   0.66155690463165E+02   0.23629308064483E+03  0.d0 0.d0 0.d0
clo393  ep = 2459000.500000
 0.10012479529152E+01   0.10330125475874E+00   0.77853171117277E+01   0.30618786078173E+03   0.66155699191177E+02   0.23629309657834E+03  0.d0 0.d0 0.d0
clo394  ep = 2459000.500000
 0.10012479556695E+01   0.10330156812837E+00   0.77853407858013E+01   0.30618787719212E+03   0.66155669827043E+02   0.23629310950828E+03  0.d0 0.d0 0.d0
clo395  ep = 2459000.500000
 0.10012479549313E+01   0.10330132528092E+00   0.77853218518921E+01   0.30618784020474E+03   0.66155686914025E+02   0.23629313637460E+03  0.d0 0.d0 0.d0
clo396  ep = 2459000.500000
 0.10012479547119E+01   0.10330152534698E+00   0.77853359910007E+01   0.30618787741177E+03   0.66155692237263E+02   0.23629308206683E+03  0.d0 0.d0 0.d0
clo397  ep = 2459000.500000
 0.10012479559282E+01   0.10330152403472E+00   0.77853403924959E+01   0.30618787029801E+03   0.66155664472248E+02   0.23629312694649E+03  0.d0 0.d0 0.d0
clo398  ep = 2459000.500000
 0.10012479553781E+01   0.10330139698616E+00   0.77853293737303E+01   0.30618785339728E+03   0.66155684329807E+02   0.23629312152876E+03  0.d0 0.d0 0.d0
clo399  ep = 2459000.500000
 0.10012479567876E+01   0.10330153775438E+00   0.77853391814082E+01   0.30618786342752E+03   0.66155680524481E+02   0.23629311117412E+03  0.d0 0.d0 0.d0
