)O+_06 Small-body initial data  (WARNING: Do not delete this line!!)
) Lines beginning with `)\` are ignored.
)---------------------------------------------------------------------
 style (Cartesian, Asteroidal, Cometary) = Asteroidal
)--------------------------------------------d or D is not matter--0d0 is possible too--
clo600  ep = 2459000.500000
 0.10012479562905E+01   0.10330120872282E+00   0.77853137780773E+01   0.30618785207033E+03   0.66155701537456E+02   0.23629309949875E+03  0.d0 0.d0 0.d0
clo601  ep = 2459000.500000
 0.10012479569423E+01   0.10330148680870E+00   0.77853339258452E+01   0.30618785031883E+03   0.66155681338946E+02   0.23629312531923E+03  0.d0 0.d0 0.d0
clo602  ep = 2459000.500000
 0.10012479563035E+01   0.10330129580908E+00   0.77853225169550E+01   0.30618785079780E+03   0.66155682511593E+02   0.23629312558981E+03  0.d0 0.d0 0.d0
clo603  ep = 2459000.500000
 0.10012479549326E+01   0.10330121098599E+00   0.77853149853813E+01   0.30618785853550E+03   0.66155691713354E+02   0.23629310621662E+03  0.d0 0.d0 0.d0
clo604  ep = 2459000.500000
 0.10012479565282E+01   0.10330120384721E+00   0.77853160188409E+01   0.30618786054701E+03   0.66155686392312E+02   0.23629310698291E+03  0.d0 0.d0 0.d0
clo605  ep = 2459000.500000
 0.10012479559381E+01   0.10330130778404E+00   0.77853214449868E+01   0.30618786187251E+03   0.66155680934858E+02   0.23629311470316E+03  0.d0 0.d0 0.d0
clo606  ep = 2459000.500000
 0.10012479571074E+01   0.10330142781346E+00   0.77853302878144E+01   0.30618785171224E+03   0.66155684661369E+02   0.23629312035691E+03  0.d0 0.d0 0.d0
clo607  ep = 2459000.500000
 0.10012479547111E+01   0.10330156600451E+00   0.77853391258666E+01   0.30618789127881E+03   0.66155673336500E+02   0.23629308994075E+03  0.d0 0.d0 0.d0
clo608  ep = 2459000.500000
 0.10012479549288E+01   0.10330131245127E+00   0.77853220859031E+01   0.30618786226907E+03   0.66155688741402E+02   0.23629310494923E+03  0.d0 0.d0 0.d0
clo609  ep = 2459000.500000
 0.10012479549294E+01   0.10330143652938E+00   0.77853323101903E+01   0.30618786335012E+03   0.66155681096574E+02   0.23629311401718E+03  0.d0 0.d0 0.d0
clo610  ep = 2459000.500000
 0.10012479539465E+01   0.10330122392050E+00   0.77853153042700E+01   0.30618784468433E+03   0.66155697732664E+02   0.23629311695134E+03  0.d0 0.d0 0.d0
clo611  ep = 2459000.500000
 0.10012479541076E+01   0.10330139049889E+00   0.77853288294447E+01   0.30618790611250E+03   0.66155684696837E+02   0.23629305622427E+03  0.d0 0.d0 0.d0
clo612  ep = 2459000.500000
 0.10012479549303E+01   0.10330142846158E+00   0.77853333545782E+01   0.30618787433725E+03   0.66155671278541E+02   0.23629311286323E+03  0.d0 0.d0 0.d0
clo613  ep = 2459000.500000
 0.10012479554837E+01   0.10330157048322E+00   0.77853385035247E+01   0.30618787357266E+03   0.66155691988141E+02   0.23629308689669E+03  0.d0 0.d0 0.d0
clo614  ep = 2459000.500000
 0.10012479541809E+01   0.10330133626165E+00   0.77853242441343E+01   0.30618788498199E+03   0.66155691768989E+02   0.23629307476315E+03  0.d0 0.d0 0.d0
clo615  ep = 2459000.500000
 0.10012479526377E+01   0.10330133186752E+00   0.77853200940200E+01   0.30618787946820E+03   0.66155702684507E+02   0.23629307112856E+03  0.d0 0.d0 0.d0
clo616  ep = 2459000.500000
 0.10012479566676E+01   0.10330135937431E+00   0.77853269548841E+01   0.30618785949299E+03   0.66155679676192E+02   0.23629311657833E+03  0.d0 0.d0 0.d0
clo617  ep = 2459000.500000
 0.10012479566719E+01   0.10330140335523E+00   0.77853285160661E+01   0.30618784472584E+03   0.66155679020307E+02   0.23629313650995E+03  0.d0 0.d0 0.d0
clo618  ep = 2459000.500000
 0.10012479544534E+01   0.10330139351569E+00   0.77853287480275E+01   0.30618787947450E+03   0.66155687081622E+02   0.23629308737029E+03  0.d0 0.d0 0.d0
clo619  ep = 2459000.500000
 0.10012479541783E+01   0.10330120538199E+00   0.77853185109634E+01   0.30618786828224E+03   0.66155691199758E+02   0.23629309614459E+03  0.d0 0.d0 0.d0
clo620  ep = 2459000.500000
 0.10012479594259E+01   0.10330163766182E+00   0.77853469373701E+01   0.30618783199308E+03   0.66155655441791E+02   0.23629317832760E+03  0.d0 0.d0 0.d0
clo621  ep = 2459000.500000
 0.10012479541258E+01   0.10330121526885E+00   0.77853147493627E+01   0.30618787830024E+03   0.66155704057776E+02   0.23629306748595E+03  0.d0 0.d0 0.d0
clo622  ep = 2459000.500000
 0.10012479559204E+01   0.10330126526893E+00   0.77853187510019E+01   0.30618784580331E+03   0.66155690693236E+02   0.23629312066173E+03  0.d0 0.d0 0.d0
clo623  ep = 2459000.500000
 0.10012479574826E+01   0.10330131368789E+00   0.77853246153762E+01   0.30618783921372E+03   0.66155679406539E+02   0.23629314064979E+03  0.d0 0.d0 0.d0
clo624  ep = 2459000.500000
 0.10012479561618E+01   0.10330134608394E+00   0.77853282426505E+01   0.30618788125089E+03   0.66155675756591E+02   0.23629309548726E+03  0.d0 0.d0 0.d0
clo625  ep = 2459000.500000
 0.10012479562012E+01   0.10330121346358E+00   0.77853153795415E+01   0.30618783726944E+03   0.66155696316646E+02   0.23629312443677E+03  0.d0 0.d0 0.d0
clo626  ep = 2459000.500000
 0.10012479573407E+01   0.10330143920828E+00   0.77853332123974E+01   0.30618784528597E+03   0.66155677927547E+02   0.23629313600396E+03  0.d0 0.d0 0.d0
clo627  ep = 2459000.500000
 0.10012479578752E+01   0.10330146252846E+00   0.77853345322686E+01   0.30618784668258E+03   0.66155680496459E+02   0.23629312956583E+03  0.d0 0.d0 0.d0
clo628  ep = 2459000.500000
 0.10012479545483E+01   0.10330143664760E+00   0.77853324666440E+01   0.30618787542105E+03   0.66155681667225E+02   0.23629309910806E+03  0.d0 0.d0 0.d0
clo629  ep = 2459000.500000
 0.10012479572418E+01   0.10330125391677E+00   0.77853182773200E+01   0.30618782650403E+03   0.66155691001089E+02   0.23629314233333E+03  0.d0 0.d0 0.d0
clo630  ep = 2459000.500000
 0.10012479532242E+01   0.10330131943872E+00   0.77853222546130E+01   0.30618788586494E+03   0.66155697851071E+02   0.23629306629698E+03  0.d0 0.d0 0.d0
clo631  ep = 2459000.500000
 0.10012479590728E+01   0.10330161957309E+00   0.77853462069980E+01   0.30618785112569E+03   0.66155663388997E+02   0.23629314443366E+03  0.d0 0.d0 0.d0
clo632  ep = 2459000.500000
 0.10012479544604E+01   0.10330132541778E+00   0.77853250492883E+01   0.30618787015981E+03   0.66155686795442E+02   0.23629309911042E+03  0.d0 0.d0 0.d0
clo633  ep = 2459000.500000
 0.10012479554312E+01   0.10330140633081E+00   0.77853292108384E+01   0.30618786869219E+03   0.66155675925722E+02   0.23629311412196E+03  0.d0 0.d0 0.d0
clo634  ep = 2459000.500000
 0.10012479555011E+01   0.10330141226751E+00   0.77853289642092E+01   0.30618785904122E+03   0.66155679698702E+02   0.23629312182259E+03  0.d0 0.d0 0.d0
clo635  ep = 2459000.500000
 0.10012479543665E+01   0.10330130503005E+00   0.77853250983824E+01   0.30618787829537E+03   0.66155675019525E+02   0.23629310420464E+03  0.d0 0.d0 0.d0
clo636  ep = 2459000.500000
 0.10012479555373E+01   0.10330139970408E+00   0.77853269128597E+01   0.30618785275582E+03   0.66155688766379E+02   0.23629311702650E+03  0.d0 0.d0 0.d0
clo637  ep = 2459000.500000
 0.10012479560520E+01   0.10330150980311E+00   0.77853371059213E+01   0.30618786642025E+03   0.66155670476185E+02   0.23629312301524E+03  0.d0 0.d0 0.d0
clo638  ep = 2459000.500000
 0.10012479533236E+01   0.10330111765863E+00   0.77853108011445E+01   0.30618788046329E+03   0.66155691833015E+02   0.23629308065440E+03  0.d0 0.d0 0.d0
clo639  ep = 2459000.500000
 0.10012479558071E+01   0.10330129622119E+00   0.77853207699404E+01   0.30618785469257E+03   0.66155689205347E+02   0.23629311390330E+03  0.d0 0.d0 0.d0
clo640  ep = 2459000.500000
 0.10012479600499E+01   0.10330155703083E+00   0.77853402753546E+01   0.30618783550996E+03   0.66155656495391E+02   0.23629317160939E+03  0.d0 0.d0 0.d0
clo641  ep = 2459000.500000
 0.10012479558180E+01   0.10330145544859E+00   0.77853342971079E+01   0.30618787182573E+03   0.66155675461049E+02   0.23629310899065E+03  0.d0 0.d0 0.d0
clo642  ep = 2459000.500000
 0.10012479581474E+01   0.10330153432902E+00   0.77853359194201E+01   0.30618782283667E+03   0.66155686417381E+02   0.23629315185867E+03  0.d0 0.d0 0.d0
clo643  ep = 2459000.500000
 0.10012479573446E+01   0.10330152492245E+00   0.77853401466058E+01   0.30618785969199E+03   0.66155659381552E+02   0.23629314097641E+03  0.d0 0.d0 0.d0
clo644  ep = 2459000.500000
 0.10012479571433E+01   0.10330152810401E+00   0.77853374911041E+01   0.30618786402393E+03   0.66155672274247E+02   0.23629311979411E+03  0.d0 0.d0 0.d0
clo645  ep = 2459000.500000
 0.10012479529156E+01   0.10330122594148E+00   0.77853152280306E+01   0.30618787000329E+03   0.66155697780080E+02   0.23629308695541E+03  0.d0 0.d0 0.d0
clo646  ep = 2459000.500000
 0.10012479549070E+01   0.10330121868715E+00   0.77853178808976E+01   0.30618784291593E+03   0.66155697090936E+02   0.23629311968026E+03  0.d0 0.d0 0.d0
clo647  ep = 2459000.500000
 0.10012479541584E+01   0.10330136008893E+00   0.77853264848138E+01   0.30618787220395E+03   0.66155686138645E+02   0.23629309670969E+03  0.d0 0.d0 0.d0
clo648  ep = 2459000.500000
 0.10012479546677E+01   0.10330130532227E+00   0.77853243750948E+01   0.30618787202989E+03   0.66155680452467E+02   0.23629310435040E+03  0.d0 0.d0 0.d0
clo649  ep = 2459000.500000
 0.10012479550161E+01   0.10330132412892E+00   0.77853251393066E+01   0.30618788324682E+03   0.66155680399658E+02   0.23629308925397E+03  0.d0 0.d0 0.d0
