)O+_06 Small-body initial data  (WARNING: Do not delete this line!!)
) Lines beginning with `)\` are ignored.
)---------------------------------------------------------------------
 style (Cartesian, Asteroidal, Cometary) = Asteroidal
)--------------------------------------------d or D is not matter--0d0 is possible too--
clo100  ep = 2459000.500000
 0.10012479553580E+01   0.10330131245918E+00   0.77853223403152E+01   0.30618785101721E+03   0.66155689454669E+02   0.23629311826946E+03  0.d0 0.d0 0.d0
clo101  ep = 2459000.500000
 0.10012479560149E+01   0.10330142895236E+00   0.77853340546632E+01   0.30618786515458E+03   0.66155674425761E+02   0.23629311864904E+03  0.d0 0.d0 0.d0
clo102  ep = 2459000.500000
 0.10012479608495E+01   0.10330159341227E+00   0.77853430565266E+01   0.30618781476113E+03   0.66155659632432E+02   0.23629319302118E+03  0.d0 0.d0 0.d0
clo103  ep = 2459000.500000
 0.10012479552139E+01   0.10330136974274E+00   0.77853286291630E+01   0.30618786404977E+03   0.66155679414303E+02   0.23629311436613E+03  0.d0 0.d0 0.d0
clo104  ep = 2459000.500000
 0.10012479546641E+01   0.10330128924675E+00   0.77853230169467E+01   0.30618788465403E+03   0.66155678736089E+02   0.23629309089636E+03  0.d0 0.d0 0.d0
clo105  ep = 2459000.500000
 0.10012479582452E+01   0.10330164016402E+00   0.77853500773594E+01   0.30618786124682E+03   0.66155663939791E+02   0.23629313290871E+03  0.d0 0.d0 0.d0
clo106  ep = 2459000.500000
 0.10012479540892E+01   0.10330146242223E+00   0.77853351706300E+01   0.30618789771823E+03   0.66155672292274E+02   0.23629308154746E+03  0.d0 0.d0 0.d0
clo107  ep = 2459000.500000
 0.10012479574555E+01   0.10330141922799E+00   0.77853325788361E+01   0.30618785584828E+03   0.66155667780888E+02   0.23629313590444E+03  0.d0 0.d0 0.d0
clo108  ep = 2459000.500000
 0.10012479555714E+01   0.10330147230475E+00   0.77853329576745E+01   0.30618785993364E+03   0.66155676025648E+02   0.23629312423328E+03  0.d0 0.d0 0.d0
clo109  ep = 2459000.500000
 0.10012479568517E+01   0.10330146974868E+00   0.77853334503549E+01   0.30618783120181E+03   0.66155680149301E+02   0.23629315154681E+03  0.d0 0.d0 0.d0
clo110  ep = 2459000.500000
 0.10012479580651E+01   0.10330160066705E+00   0.77853454099895E+01   0.30618785625247E+03   0.66155668016382E+02   0.23629313417876E+03  0.d0 0.d0 0.d0
clo111  ep = 2459000.500000
 0.10012479548931E+01   0.10330116289400E+00   0.77853095513247E+01   0.30618785508318E+03   0.66155712925156E+02   0.23629308397379E+03  0.d0 0.d0 0.d0
clo112  ep = 2459000.500000
 0.10012479543334E+01   0.10330130839611E+00   0.77853220014572E+01   0.30618785347643E+03   0.66155685141576E+02   0.23629312250445E+03  0.d0 0.d0 0.d0
clo113  ep = 2459000.500000
 0.10012479565327E+01   0.10330131028094E+00   0.77853256273199E+01   0.30618787653207E+03   0.66155668972734E+02   0.23629310767326E+03  0.d0 0.d0 0.d0
clo114  ep = 2459000.500000
 0.10012479571494E+01   0.10330146613722E+00   0.77853345810276E+01   0.30618786829043E+03   0.66155677872508E+02   0.23629310924805E+03  0.d0 0.d0 0.d0
clo115  ep = 2459000.500000
 0.10012479537970E+01   0.10330123657874E+00   0.77853180005917E+01   0.30618785477520E+03   0.66155690095953E+02   0.23629311429693E+03  0.d0 0.d0 0.d0
clo116  ep = 2459000.500000
 0.10012479548590E+01   0.10330137975555E+00   0.77853280031548E+01   0.30618787428266E+03   0.66155686552091E+02   0.23629309243877E+03  0.d0 0.d0 0.d0
clo117  ep = 2459000.500000
 0.10012479529421E+01   0.10330123283422E+00   0.77853161340653E+01   0.30618788378994E+03   0.66155700673007E+02   0.23629306660649E+03  0.d0 0.d0 0.d0
clo118  ep = 2459000.500000
 0.10012479566389E+01   0.10330162524484E+00   0.77853419092411E+01   0.30618784865948E+03   0.66155686885661E+02   0.23629312262475E+03  0.d0 0.d0 0.d0
clo119  ep = 2459000.500000
 0.10012479538813E+01   0.10330135440989E+00   0.77853271471145E+01   0.30618790105854E+03   0.66155678386981E+02   0.23629307245802E+03  0.d0 0.d0 0.d0
clo120  ep = 2459000.500000
 0.10012479551037E+01   0.10330119758183E+00   0.77853161238126E+01   0.30618787266729E+03   0.66155687971187E+02   0.23629309231194E+03  0.d0 0.d0 0.d0
clo121  ep = 2459000.500000
 0.10012479539700E+01   0.10330132695153E+00   0.77853247455866E+01   0.30618787846918E+03   0.66155682062021E+02   0.23629309591682E+03  0.d0 0.d0 0.d0
clo122  ep = 2459000.500000
 0.10012479538687E+01   0.10330131852801E+00   0.77853223151702E+01   0.30618788112366E+03   0.66155689423260E+02   0.23629308208789E+03  0.d0 0.d0 0.d0
clo123  ep = 2459000.500000
 0.10012479596820E+01   0.10330144326261E+00   0.77853337058462E+01   0.30618783645853E+03   0.66155673344613E+02   0.23629314915242E+03  0.d0 0.d0 0.d0
clo124  ep = 2459000.500000
 0.10012479582386E+01   0.10330147470522E+00   0.77853331530276E+01   0.30618784348878E+03   0.66155680234918E+02   0.23629313503617E+03  0.d0 0.d0 0.d0
clo125  ep = 2459000.500000
 0.10012479568367E+01   0.10330146861605E+00   0.77853307733551E+01   0.30618783655330E+03   0.66155682662191E+02   0.23629314432110E+03  0.d0 0.d0 0.d0
clo126  ep = 2459000.500000
 0.10012479552127E+01   0.10330147812334E+00   0.77853362905834E+01   0.30618786671015E+03   0.66155679787763E+02   0.23629311094877E+03  0.d0 0.d0 0.d0
clo127  ep = 2459000.500000
 0.10012479544701E+01   0.10330119256745E+00   0.77853144388057E+01   0.30618786263124E+03   0.66155692684724E+02   0.23629310139071E+03  0.d0 0.d0 0.d0
clo128  ep = 2459000.500000
 0.10012479542495E+01   0.10330137272443E+00   0.77853267247411E+01   0.30618787272727E+03   0.66155693878309E+02   0.23629308683246E+03  0.d0 0.d0 0.d0
clo129  ep = 2459000.500000
 0.10012479566340E+01   0.10330136945430E+00   0.77853267309638E+01   0.30618784154627E+03   0.66155680601686E+02   0.23629313867954E+03  0.d0 0.d0 0.d0
clo130  ep = 2459000.500000
 0.10012479584367E+01   0.10330134259752E+00   0.77853245801247E+01   0.30618783589702E+03   0.66155681456908E+02   0.23629314155242E+03  0.d0 0.d0 0.d0
clo131  ep = 2459000.500000
 0.10012479538969E+01   0.10330128415233E+00   0.77853201378693E+01   0.30618787937486E+03   0.66155697694619E+02   0.23629307290260E+03  0.d0 0.d0 0.d0
clo132  ep = 2459000.500000
 0.10012479577201E+01   0.10330142741222E+00   0.77853308622351E+01   0.30618784970875E+03   0.66155678314731E+02   0.23629312982844E+03  0.d0 0.d0 0.d0
clo133  ep = 2459000.500000
 0.10012479569284E+01   0.10330144387560E+00   0.77853294440721E+01   0.30618783000911E+03   0.66155694732076E+02   0.23629313569399E+03  0.d0 0.d0 0.d0
clo134  ep = 2459000.500000
 0.10012479547275E+01   0.10330133400869E+00   0.77853249055336E+01   0.30618786201938E+03   0.66155690897017E+02   0.23629310375733E+03  0.d0 0.d0 0.d0
clo135  ep = 2459000.500000
 0.10012479568517E+01   0.10330142557653E+00   0.77853293365297E+01   0.30618786221709E+03   0.66155687824572E+02   0.23629310322267E+03  0.d0 0.d0 0.d0
clo136  ep = 2459000.500000
 0.10012479565586E+01   0.10330134665670E+00   0.77853278799826E+01   0.30618785432189E+03   0.66155675565659E+02   0.23629313022568E+03  0.d0 0.d0 0.d0
clo137  ep = 2459000.500000
 0.10012479534892E+01   0.10330138139928E+00   0.77853264981013E+01   0.30618786776964E+03   0.66155696680723E+02   0.23629309064926E+03  0.d0 0.d0 0.d0
clo138  ep = 2459000.500000
 0.10012479544554E+01   0.10330118382459E+00   0.77853151865086E+01   0.30618786893918E+03   0.66155693425670E+02   0.23629309194817E+03  0.d0 0.d0 0.d0
clo139  ep = 2459000.500000
 0.10012479550668E+01   0.10330138408959E+00   0.77853278211586E+01   0.30618789247968E+03   0.66155677065944E+02   0.23629308123037E+03  0.d0 0.d0 0.d0
clo140  ep = 2459000.500000
 0.10012479584467E+01   0.10330162930244E+00   0.77853449138056E+01   0.30618785086687E+03   0.66155677012602E+02   0.23629312900077E+03  0.d0 0.d0 0.d0
clo141  ep = 2459000.500000
 0.10012479566684E+01   0.10330135886599E+00   0.77853276334366E+01   0.30618786331418E+03   0.66155679824796E+02   0.23629311280119E+03  0.d0 0.d0 0.d0
clo142  ep = 2459000.500000
 0.10012479552511E+01   0.10330137769518E+00   0.77853258996174E+01   0.30618784395195E+03   0.66155687378438E+02   0.23629313041032E+03  0.d0 0.d0 0.d0
clo143  ep = 2459000.500000
 0.10012479562701E+01   0.10330136222546E+00   0.77853251063024E+01   0.30618783351821E+03   0.66155689674595E+02   0.23629313877039E+03  0.d0 0.d0 0.d0
clo144  ep = 2459000.500000
 0.10012479570227E+01   0.10330135430890E+00   0.77853259775220E+01   0.30618785950737E+03   0.66155690574471E+02   0.23629310275409E+03  0.d0 0.d0 0.d0
clo145  ep = 2459000.500000
 0.10012479542599E+01   0.10330134097988E+00   0.77853271079729E+01   0.30618787302986E+03   0.66155675671284E+02   0.23629311086995E+03  0.d0 0.d0 0.d0
clo146  ep = 2459000.500000
 0.10012479520190E+01   0.10330124730484E+00   0.77853216556675E+01   0.30618787937846E+03   0.66155679215267E+02   0.23629310089432E+03  0.d0 0.d0 0.d0
clo147  ep = 2459000.500000
 0.10012479580357E+01   0.10330134137216E+00   0.77853231821151E+01   0.30618783233790E+03   0.66155686423912E+02   0.23629313882862E+03  0.d0 0.d0 0.d0
clo148  ep = 2459000.500000
 0.10012479578124E+01   0.10330164907585E+00   0.77853465411945E+01   0.30618783894535E+03   0.66155665144928E+02   0.23629316174639E+03  0.d0 0.d0 0.d0
clo149  ep = 2459000.500000
 0.10012479552516E+01   0.10330132080619E+00   0.77853242472588E+01   0.30618786283614E+03   0.66155680511706E+02   0.23629311585185E+03  0.d0 0.d0 0.d0
