)O+_06 Small-body initial data  (WARNING: Do not delete this line!!)
) Lines beginning with `)\` are ignored.
)---------------------------------------------------------------------
 style (Cartesian, Asteroidal, Cometary) = Asteroidal
)--------------------------------------------d or D is not matter--0d0 is possible too--
clo900  ep = 2459000.500000
 0.10012479555772E+01   0.10330130441543E+00   0.77853246109963E+01   0.30618785727251E+03   0.66155687192349E+02   0.23629311345311E+03  0.d0 0.d0 0.d0
clo901  ep = 2459000.500000
 0.10012479534597E+01   0.10330138450185E+00   0.77853282281982E+01   0.30618788411062E+03   0.66155687781675E+02   0.23629308138266E+03  0.d0 0.d0 0.d0
clo902  ep = 2459000.500000
 0.10012479589851E+01   0.10330153466621E+00   0.77853383640011E+01   0.30618784335962E+03   0.66155670501805E+02   0.23629314579159E+03  0.d0 0.d0 0.d0
clo903  ep = 2459000.500000
 0.10012479557932E+01   0.10330149857659E+00   0.77853392765413E+01   0.30618787068707E+03   0.66155654061112E+02   0.23629313783895E+03  0.d0 0.d0 0.d0
clo904  ep = 2459000.500000
 0.10012479562583E+01   0.10330124272816E+00   0.77853160955218E+01   0.30618783280103E+03   0.66155694340858E+02   0.23629313244916E+03  0.d0 0.d0 0.d0
clo905  ep = 2459000.500000
 0.10012479565302E+01   0.10330142935445E+00   0.77853332318114E+01   0.30618785528334E+03   0.66155670752418E+02   0.23629313564786E+03  0.d0 0.d0 0.d0
clo906  ep = 2459000.500000
 0.10012479536009E+01   0.10330134482236E+00   0.77853282763018E+01   0.30618790210793E+03   0.66155668799137E+02   0.23629308286006E+03  0.d0 0.d0 0.d0
clo907  ep = 2459000.500000
 0.10012479534778E+01   0.10330132214874E+00   0.77853247900756E+01   0.30618786470270E+03   0.66155677645195E+02   0.23629311892908E+03  0.d0 0.d0 0.d0
clo908  ep = 2459000.500000
 0.10012479551058E+01   0.10330136992628E+00   0.77853266193962E+01   0.30618785627016E+03   0.66155681037997E+02   0.23629312302762E+03  0.d0 0.d0 0.d0
clo909  ep = 2459000.500000
 0.10012479543094E+01   0.10330131171083E+00   0.77853206603679E+01   0.30618788219901E+03   0.66155698662045E+02   0.23629306677695E+03  0.d0 0.d0 0.d0
clo910  ep = 2459000.500000
 0.10012479584009E+01   0.10330168191386E+00   0.77853492248165E+01   0.30618784423987E+03   0.66155662879686E+02   0.23629315600221E+03  0.d0 0.d0 0.d0
clo911  ep = 2459000.500000
 0.10012479538669E+01   0.10330129375778E+00   0.77853222385326E+01   0.30618786110930E+03   0.66155688094420E+02   0.23629310905869E+03  0.d0 0.d0 0.d0
clo912  ep = 2459000.500000
 0.10012479563495E+01   0.10330154365219E+00   0.77853382748982E+01   0.30618784972913E+03   0.66155682909251E+02   0.23629312679023E+03  0.d0 0.d0 0.d0
clo913  ep = 2459000.500000
 0.10012479559390E+01   0.10330135991883E+00   0.77853265763245E+01   0.30618787459844E+03   0.66155677344156E+02   0.23629310150525E+03  0.d0 0.d0 0.d0
clo914  ep = 2459000.500000
 0.10012479556308E+01   0.10330132637490E+00   0.77853261583974E+01   0.30618785770506E+03   0.66155669973412E+02   0.23629313353679E+03  0.d0 0.d0 0.d0
clo915  ep = 2459000.500000
 0.10012479581698E+01   0.10330145213292E+00   0.77853315018136E+01   0.30618781505353E+03   0.66155686928019E+02   0.23629316247391E+03  0.d0 0.d0 0.d0
clo916  ep = 2459000.500000
 0.10012479580179E+01   0.10330133927255E+00   0.77853258585175E+01   0.30618785068143E+03   0.66155681979451E+02   0.23629312176026E+03  0.d0 0.d0 0.d0
clo917  ep = 2459000.500000
 0.10012479560549E+01   0.10330153116291E+00   0.77853369140904E+01   0.30618787112038E+03   0.66155680251660E+02   0.23629310297628E+03  0.d0 0.d0 0.d0
clo918  ep = 2459000.500000
 0.10012479546503E+01   0.10330131854577E+00   0.77853240281629E+01   0.30618787786268E+03   0.66155688110680E+02   0.23629308541679E+03  0.d0 0.d0 0.d0
clo919  ep = 2459000.500000
 0.10012479564178E+01   0.10330139651603E+00   0.77853315518621E+01   0.30618785716910E+03   0.66155666068110E+02   0.23629313941147E+03  0.d0 0.d0 0.d0
clo920  ep = 2459000.500000
 0.10012479588259E+01   0.10330150427432E+00   0.77853331304386E+01   0.30618782635342E+03   0.66155685868353E+02   0.23629314724606E+03  0.d0 0.d0 0.d0
clo921  ep = 2459000.500000
 0.10012479550197E+01   0.10330127923104E+00   0.77853215431739E+01   0.30618788123364E+03   0.66155686416418E+02   0.23629308387685E+03  0.d0 0.d0 0.d0
clo922  ep = 2459000.500000
 0.10012479569997E+01   0.10330150987143E+00   0.77853393885018E+01   0.30618788128676E+03   0.66155647281957E+02   0.23629313034877E+03  0.d0 0.d0 0.d0
clo923  ep = 2459000.500000
 0.10012479582147E+01   0.10330149051515E+00   0.77853357981107E+01   0.30618783625967E+03   0.66155676347867E+02   0.23629314859193E+03  0.d0 0.d0 0.d0
clo924  ep = 2459000.500000
 0.10012479556106E+01   0.10330135074688E+00   0.77853239432744E+01   0.30618789401313E+03   0.66155695594604E+02   0.23629305561571E+03  0.d0 0.d0 0.d0
clo925  ep = 2459000.500000
 0.10012479554088E+01   0.10330138553401E+00   0.77853306484023E+01   0.30618783361058E+03   0.66155680754383E+02   0.23629315095807E+03  0.d0 0.d0 0.d0
clo926  ep = 2459000.500000
 0.10012479575798E+01   0.10330140254104E+00   0.77853249142063E+01   0.30618784480949E+03   0.66155697908428E+02   0.23629311139504E+03  0.d0 0.d0 0.d0
clo927  ep = 2459000.500000
 0.10012479556309E+01   0.10330129600616E+00   0.77853229532573E+01   0.30618787140380E+03   0.66155688569964E+02   0.23629309171433E+03  0.d0 0.d0 0.d0
clo928  ep = 2459000.500000
 0.10012479543304E+01   0.10330121125473E+00   0.77853187800744E+01   0.30618786595145E+03   0.66155693362123E+02   0.23629309523870E+03  0.d0 0.d0 0.d0
clo929  ep = 2459000.500000
 0.10012479549141E+01   0.10330137431093E+00   0.77853285647448E+01   0.30618787911935E+03   0.66155670080807E+02   0.23629310943983E+03  0.d0 0.d0 0.d0
clo930  ep = 2459000.500000
 0.10012479536183E+01   0.10330136097631E+00   0.77853262048033E+01   0.30618785305670E+03   0.66155689962313E+02   0.23629311894041E+03  0.d0 0.d0 0.d0
clo931  ep = 2459000.500000
 0.10012479553560E+01   0.10330138027630E+00   0.77853274272971E+01   0.30618786358430E+03   0.66155674350688E+02   0.23629312150079E+03  0.d0 0.d0 0.d0
clo932  ep = 2459000.500000
 0.10012479558096E+01   0.10330123274780E+00   0.77853187098833E+01   0.30618787118337E+03   0.66155702205182E+02   0.23629307501398E+03  0.d0 0.d0 0.d0
clo933  ep = 2459000.500000
 0.10012479568035E+01   0.10330158167934E+00   0.77853432678918E+01   0.30618784423244E+03   0.66155672233995E+02   0.23629314724386E+03  0.d0 0.d0 0.d0
clo934  ep = 2459000.500000
 0.10012479555704E+01   0.10330136472265E+00   0.77853250694481E+01   0.30618783896787E+03   0.66155693661024E+02   0.23629312782189E+03  0.d0 0.d0 0.d0
clo935  ep = 2459000.500000
 0.10012479586298E+01   0.10330160584649E+00   0.77853440885318E+01   0.30618782822578E+03   0.66155679469063E+02   0.23629315527889E+03  0.d0 0.d0 0.d0
clo936  ep = 2459000.500000
 0.10012479540224E+01   0.10330153385882E+00   0.77853368902739E+01   0.30618788095777E+03   0.66155678263740E+02   0.23629309795288E+03  0.d0 0.d0 0.d0
clo937  ep = 2459000.500000
 0.10012479545395E+01   0.10330141452085E+00   0.77853334208911E+01   0.30618791679823E+03   0.66155671338203E+02   0.23629306059348E+03  0.d0 0.d0 0.d0
clo938  ep = 2459000.500000
 0.10012479577002E+01   0.10330156694231E+00   0.77853403083708E+01   0.30618786186500E+03   0.66155674116823E+02   0.23629312038237E+03  0.d0 0.d0 0.d0
clo939  ep = 2459000.500000
 0.10012479574039E+01   0.10330152930512E+00   0.77853371108655E+01   0.30618786303090E+03   0.66155667532353E+02   0.23629312560350E+03  0.d0 0.d0 0.d0
clo940  ep = 2459000.500000
 0.10012479529071E+01   0.10330119621291E+00   0.77853111907667E+01   0.30618788747714E+03   0.66155710083161E+02   0.23629305006698E+03  0.d0 0.d0 0.d0
clo941  ep = 2459000.500000
 0.10012479566505E+01   0.10330127684996E+00   0.77853190397154E+01   0.30618784367614E+03   0.66155708675884E+02   0.23629310071630E+03  0.d0 0.d0 0.d0
clo942  ep = 2459000.500000
 0.10012479553068E+01   0.10330155108773E+00   0.77853408919393E+01   0.30618786664013E+03   0.66155678495221E+02   0.23629311359054E+03  0.d0 0.d0 0.d0
clo943  ep = 2459000.500000
 0.10012479574514E+01   0.10330149264727E+00   0.77853392854599E+01   0.30618787887529E+03   0.66155664777657E+02   0.23629311014928E+03  0.d0 0.d0 0.d0
clo944  ep = 2459000.500000
 0.10012479530988E+01   0.10330136572062E+00   0.77853264536193E+01   0.30618789309204E+03   0.66155679471991E+02   0.23629308140209E+03  0.d0 0.d0 0.d0
clo945  ep = 2459000.500000
 0.10012479543774E+01   0.10330138885042E+00   0.77853270020695E+01   0.30618786531396E+03   0.66155693903642E+02   0.23629309607951E+03  0.d0 0.d0 0.d0
clo946  ep = 2459000.500000
 0.10012479556832E+01   0.10330147561676E+00   0.77853346861234E+01   0.30618787698580E+03   0.66155675138133E+02   0.23629310324440E+03  0.d0 0.d0 0.d0
clo947  ep = 2459000.500000
 0.10012479574857E+01   0.10330167496825E+00   0.77853474658735E+01   0.30618785341426E+03   0.66155665655422E+02   0.23629314328666E+03  0.d0 0.d0 0.d0
clo948  ep = 2459000.500000
 0.10012479551379E+01   0.10330127625825E+00   0.77853211527174E+01   0.30618785466538E+03   0.66155687195232E+02   0.23629311627932E+03  0.d0 0.d0 0.d0
clo949  ep = 2459000.500000
 0.10012479555863E+01   0.10330134130688E+00   0.77853270032262E+01   0.30618788821332E+03   0.66155670350153E+02   0.23629309569264E+03  0.d0 0.d0 0.d0
